FoamFile
{
    version     2.0;
    format      ascii;
    class       labelList;
    location    "constant/polyMesh";
    object      neighbour;
}
// * * * * * * * * * * * * * * * * * * * * * * * * * * * * * * * * * //

2282
(
1
2
3
576
590
5
591
583
9
5
9
4
7
11
15
6
13
7
578
631
8
8
14
17
78
18
13
10
11
585
693
12
14
12
21
150
22
592
14
25
17
21
16
19
23
27
18
25
19
87
20
20
26
29
89
30
25
22
23
159
24
26
24
33
161
34
26
37
29
33
28
31
35
39
30
37
31
99
32
32
38
41
101
42
37
34
35
171
36
38
36
45
173
46
38
49
41
45
40
43
47
51
42
49
43
111
44
44
50
53
113
54
49
46
47
183
48
50
48
57
185
58
50
61
53
57
52
55
59
63
54
61
55
123
56
56
62
65
125
66
61
58
59
195
60
62
60
69
197
70
62
73
65
69
64
67
71
288
66
73
67
135
68
68
74
290
137
291
73
70
71
207
72
74
72
294
209
295
74
298
615
76
80
621
77
83
737
84
640
79
87
650
81
82
88
648
83
81
85
91
658
85
93
657
84
85
787
86
86
95
222
96
88
89
91
93
90
90
99
92
94
100
95
92
97
103
95
94
97
105
96
97
230
98
98
107
232
108
100
101
103
105
102
102
111
104
106
112
107
104
109
115
107
106
109
117
108
109
242
110
110
119
244
120
112
113
115
117
114
114
123
116
118
124
119
116
121
127
119
118
121
129
120
121
254
122
122
131
256
132
124
125
127
129
126
126
135
128
130
136
131
128
133
139
131
130
133
141
132
133
266
134
134
143
268
144
136
137
139
141
138
138
363
140
142
364
143
140
145
367
143
142
145
369
144
145
278
146
146
371
280
372
678
148
153
683
149
155
762
156
702
151
159
712
152
154
160
720
157
163
711
155
154
157
165
719
156
157
808
158
158
167
224
168
160
161
163
165
162
162
171
164
166
172
167
164
169
175
167
166
169
177
168
169
234
170
170
179
236
180
172
173
175
177
174
174
183
176
178
184
179
176
181
187
179
178
181
189
180
181
246
182
182
191
248
192
184
185
187
189
186
186
195
188
190
196
191
188
193
199
191
190
193
201
192
193
258
194
194
203
260
204
196
197
199
201
198
198
207
200
202
208
203
200
205
211
203
202
205
213
204
205
270
206
206
215
272
216
208
209
211
213
210
210
435
212
214
436
215
212
217
439
215
214
217
441
216
217
282
218
218
443
284
444
758
783
226
731
800
821
221
223
225
228
796
223
230
806
227
231
817
225
234
827
227
235
805
826
227
238
231
235
229
233
237
240
231
232
238
233
233
242
239
243
235
236
238
237
237
246
239
247
239
250
243
247
241
245
249
252
243
244
250
245
245
254
251
255
247
248
250
249
249
258
251
259
251
262
255
259
253
257
261
264
255
256
262
257
257
266
263
267
259
260
262
261
261
270
263
271
263
274
267
271
265
269
273
276
267
268
274
269
269
278
275
279
271
272
274
273
273
282
275
283
275
286
279
283
277
281
285
507
279
280
286
281
281
509
287
510
283
284
286
285
285
513
287
514
287
517
290
294
289
292
296
300
291
298
292
363
293
293
299
302
365
303
298
295
296
435
297
299
297
306
437
307
299
310
302
306
301
304
308
312
303
310
304
375
305
305
311
314
377
315
310
307
308
447
309
311
309
318
449
319
311
322
314
318
313
316
320
324
315
322
316
387
317
317
323
326
389
327
322
319
320
459
321
323
321
330
461
331
323
334
326
330
325
328
332
336
327
334
328
399
329
329
335
338
401
339
334
331
332
471
333
335
333
342
473
343
335
346
338
342
337
340
344
348
339
346
340
411
341
341
347
350
413
351
346
343
344
483
345
347
345
354
485
355
347
358
350
354
349
352
356
360
351
358
352
423
353
353
359
361
852
829
358
355
356
495
357
359
357
362
914
836
359
843
361
362
830
844
845
837
364
365
367
369
366
366
375
368
370
376
371
368
373
379
371
370
373
381
372
373
509
374
374
383
511
384
376
377
379
381
378
378
387
380
382
388
383
380
385
391
383
382
385
393
384
385
521
386
386
395
523
396
388
389
391
393
390
390
399
392
394
400
395
392
397
403
395
394
397
405
396
397
533
398
398
407
535
408
400
401
403
405
402
402
411
404
406
412
407
404
409
415
407
406
409
417
408
409
545
410
410
419
547
420
412
413
415
417
414
414
423
416
418
424
419
416
421
425
419
418
421
427
420
421
557
422
422
428
559
429
424
853
425
427
864
428
426
869
430
432
428
874
429
430
569
431
875
431
433
976
434
899
433
908
434
1032
436
437
439
441
438
438
447
440
442
448
443
440
445
451
443
442
445
453
444
445
513
446
446
455
515
456
448
449
451
453
450
450
459
452
454
460
455
452
457
463
455
454
457
465
456
457
525
458
458
467
527
468
460
461
463
465
462
462
471
464
466
472
467
464
469
475
467
466
469
477
468
469
537
470
470
479
539
480
472
473
475
477
474
474
483
476
478
484
479
476
481
487
479
478
481
489
480
481
549
482
482
491
551
492
484
485
487
489
486
486
495
488
490
496
491
488
493
497
491
490
493
498
492
493
561
494
494
500
563
501
496
915
497
498
926
500
936
500
499
932
502
504
501
502
571
503
937
503
505
997
506
962
505
970
506
1057
510
514
508
512
516
519
510
511
517
512
512
521
518
522
514
515
517
516
516
525
518
526
518
529
522
526
520
524
528
531
522
523
529
524
524
533
530
534
526
527
529
528
528
537
530
538
530
541
534
538
532
536
540
543
534
535
541
536
536
545
542
546
538
539
541
540
540
549
542
550
542
553
546
550
544
548
552
555
546
547
553
548
548
557
554
558
550
551
553
552
552
561
554
562
554
565
558
562
556
560
564
567
558
559
565
560
560
569
566
570
562
563
565
564
564
571
566
572
566
573
570
572
568
988
1009
1018
570
977
573
989
572
998
573
1010
574
994
1015
575
1054
1079
581
580
578
582
599
581
579
578
582
582
579
580
581
582
589
585
586
588
661
589
585
587
588
587
589
588
587
589
591
592
594
597
598
595
592
594
595
597
596
594
596
598
598
609
608
607
610
611
609
601
603
612
608
602
613
605
603
614
610
632
610
605
607
633
606
634
608
607
635
609
610
618
612
614
616
613
617
614
619
618
616
617
619
620
617
618
643
619
619
629
622
621
630
630
627
623
652
623
625
653
624
654
626
625
655
629
628
627
630
630
629
635
641
640
642
642
633
635
636
634
641
635
644
637
639
645
641
638
646
640
639
647
642
642
641
651
648
649
644
645
647
649
646
650
647
651
649
650
651
656
650
651
656
653
655
657
654
660
655
659
659
658
657
660
658
660
659
660
672
666
670
671
673
672
663
665
674
668
664
675
670
665
676
671
694
667
669
695
670
668
696
669
697
672
671
672
681
674
676
679
675
677
676
680
682
680
678
679
681
679
680
705
681
681
692
683
687
690
686
688
692
714
690
685
687
715
689
686
716
687
717
692
689
691
691
692
704
702
703
694
695
697
703
696
701
697
704
706
704
699
701
707
702
700
708
703
701
709
703
704
709
710
711
713
713
707
709
712
708
710
709
718
711
712
713
712
713
722
715
717
721
716
719
717
718
719
720
722
720
721
722
721
722
750
736
724
726
751
729
725
752
731
726
753
735
775
732
728
730
776
731
729
777
730
778
736
734
733
736
733
734
735
736
746
742
749
748
754
747
739
741
755
744
740
756
749
741
757
748
788
743
745
789
749
744
790
745
791
747
748
747
749
760
751
753
758
752
759
753
754
755
757
759
756
761
757
760
759
761
760
799
761
761
773
774
770
772
779
773
764
766
780
774
765
781
768
766
782
771
809
771
768
770
810
769
811
774
770
812
772
773
774
782
776
778
784
777
783
778
785
785
780
782
786
781
784
782
785
786
784
820
786
786
797
796
798
788
789
791
798
790
795
791
797
801
797
793
795
802
796
794
803
798
795
804
798
797
804
807
805
800
805
806
801
802
804
806
803
807
804
806
807
807
812
819
817
818
818
810
812
813
811
819
812
822
814
816
823
819
815
824
817
816
825
818
818
819
821
826
828
822
825
827
826
823
825
828
824
827
825
828
827
828
835
831
833
830
832
834
835
882
833
834
835
834
833
835
837
839
838
842
842
841
840
944
842
841
839
840
841
842
844
846
849
845
845
851
846
849
850
847
848
851
850
849
851
853
862
861
863
863
854
862
865
855
857
866
862
856
867
859
857
868
863
883
863
859
861
884
860
885
862
861
886
872
869
870
865
866
868
870
867
871
868
872
870
871
872
873
871
894
872
880
876
875
874
875
881
880
881
877
903
877
879
904
878
905
881
879
906
880
881
886
891
892
893
893
884
886
887
885
891
886
895
888
890
896
891
889
897
892
890
898
893
892
893
902
899
900
895
896
898
900
897
901
898
902
900
901
902
907
901
902
907
904
906
908
905
910
906
911
911
913
908
909
913
913
910
912
912
913
925
920
924
915
924
919
925
927
925
917
919
928
922
918
929
924
919
930
945
921
923
946
924
922
947
923
948
925
930
931
932
934
934
928
930
933
929
931
930
935
932
933
934
933
956
934
936
937
941
943
943
942
937
940
942
965
943
939
941
966
942
940
967
941
968
943
955
954
953
945
946
948
953
947
952
948
955
957
955
950
952
958
954
951
959
953
952
960
954
955
960
961
962
964
964
958
960
963
959
961
960
969
962
963
964
963
964
974
966
968
971
967
970
968
969
970
975
974
975
972
973
972
975
975
974
986
982
987
977
987
981
986
990
986
979
981
991
984
980
992
987
981
993
1033
983
985
1034
987
984
1035
985
1036
986
989
994
995
990
993
996
994
991
993
995
992
996
993
995
996
1045
996
998
1008
1006
1007
1007
999
1008
1011
1000
1002
1012
1008
1001
1013
1004
1002
1014
1007
1058
1007
1004
1006
1059
1005
1060
1008
1006
1061
1014
1016
1015
1010
1015
1017
1011
1012
1014
1017
1013
1016
1014
1017
1016
1070
1017
1030
1019
1026
1027
1046
1020
1022
1047
1025
1021
1048
1031
1022
1049
1029
1071
1028
1024
1026
1072
1031
1025
1073
1026
1074
1030
1028
1031
1031
1030
1042
1043
1044
1033
1034
1036
1044
1035
1040
1036
1041
1050
1041
1038
1040
1051
1043
1039
1052
1044
1040
1053
1042
1043
1044
1053
1056
1054
1046
1047
1049
1054
1048
1055
1049
1050
1051
1053
1055
1052
1056
1053
1055
1056
1056
1061
1069
1068
1066
1067
1059
1061
1062
1060
1069
1061
1075
1063
1065
1076
1069
1064
1077
1068
1065
1078
1067
1068
1067
1069
1074
1079
1081
1075
1078
1072
1074
1080
1073
1079
1074
1076
1078
1081
1077
1080
1078
1081
1080
1081
)
