FoamFile
{
    version     2.0;
    format      ascii;
    class       vectorField;
    location    "constant/polyMesh";
    object      points;
}
// * * * * * * * * * * * * * * * * * * * * * * * * * * * * * * * * * //

1268
(
(-2 -2 -7)
(-1.3270399201197223 -2 -7)
(-0.65787502136428022 -2 -7)
(0 -2 -7)
(0.65787502136427989 -2 -7)
(1.3270399201197223 -2 -7)
(2 -2 -7)
(-2 -1.3270399201197223 -7)
(-0.77979566945210821 -0.77952641458186589 -6.9320525771865134)
(-0.18761918890328289 -0.33137071413449737 -6.5)
(-0.034969057114852153 -0.67152799818702713 -6.9373825746966524)
(0.35634393863142527 -0.66609338480210245 -6.9927499250500604)
(1.0878545285377696 -0.97583529810384062 -6.9961542577673494)
(1.9999799356277781 -1.3273617433420901 -7)
(-2 -0.65787502136427989 -7)
(-0.33135372570261568 -0.18765457027700866 -6.5)
(-0.26031270596319062 -0.26032449163884369 -6.5)
(0.33578059442664832 -0.21609305967613637 -6.5)
(0.36021130372679 -0.15939833315911131 -6.5)
(2 -0.65787510013266071 -7)
(-2 1.1102230246251565e-16 -7)
(-0.67143215847236593 -0.03502888675507345 -6.9373548284151765)
(0.40055423367884002 -0.011440825834446923 -6.5)
(1.9999548551625006 -0.00072422486039080969 -7)
(-2 0.65787502136428022 -7)
(-0.66575745144946297 0.35633018300566444 -6.9926980179276166)
(-0.21481856739605321 0.33510514439767869 -6.5)
(0.23032430086084199 0.23342088546837259 -7)
(0.69181552554833781 0.2532046900798206 -7)
(2 0.65787510013266137 -7)
(-2 1.3270399201197223 -7)
(-0.97551604739475928 1.0877235665443901 -6.9960926100063379)
(-0.15861153416251042 0.35940562659606717 -6.5)
(-0.0080108481624115574 0.39823979854317193 -6.5)
(0.2536984904772237 0.69201150540902168 -7)
(0.89542773728020753 0.8958733881837383 -6.9863192692850848)
(1.9999749195347225 1.3266375184816992 -7)
(-2 2 -7)
(-1.3273395712702039 1.9999799189200516 -7)
(-0.65787510013266126 2 -7)
(-0.00067433769864716497 1.9999548175701158 -7)
(0.65787510013266082 2 -7)
(1.3266652335715567 1.9999748986500645 -7)
(2 2 -7)
(-2 -2 -6.3456586671406852)
(-1.3268325861193138 -2 -6.3537916719616288)
(-0.65987447877117522 -2 -6.3540479890215282)
(-2.8463521051518076e-06 -2 -6.3533234802864955)
(0.65987187548507553 -2 -6.354047932037715)
(1.3268312894655399 -2 -6.3537916190197716)
(2 -2 -6.3456586671406843)
(-2 -1.3268318593623869 -6.3537920675619626)
(-1 -1 -6)
(-0.065100417742604208 -0.3669375294997248 -6.5)
(0.017233722748005054 -0.38514510229791243 -6.5)
(0.15961899023382736 -0.35115276552397795 -6.5)
(1 -1 -6)
(1.9999984297364983 -1.3269411417862373 -6.3537884938390015)
(-2 -0.65987320515285097 -6.3540489554463573)
(-0.36693955129192646 -0.065128339255649259 -6.5)
(-0.31900784260151921 -0.31902875029079519 -6.3434088975727541)
(0.22548949962327908 -0.32604941615209937 -6.5)
(0.42102239505579103 -0.20185783902659968 -6.3040287197028997)
(1.9999982946926278 -0.66000807272319761 -6.3540446328829399)
(-2 -1.384482190501236e-06 -6.3533247602171734)
(-0.38514390947891436 0.017190474418136759 -6.5)
(0.46576126226942816 0.0049547906312647208 -6.3011326998699895)
(1.9999961333252823 -0.00023190998143876549 -6.3533229339611914)
(-2 0.65987316236406568 -6.3540488959962884)
(-0.35095689896828919 0.15950925548846601 -6.5)
(-0.32592352024123472 0.22532526527720781 -6.5)
(0.25531400401701132 0.25267416348143268 -6.5)
(0.34492553864728787 0.19182197353672426 -6.5)
(1.9999979362475788 0.65972970705427236 -6.3540502834265187)
(-2 1.32683205978429 -6.35379201838622)
(-1 1 -6)
(-0.20045522772471072 0.42120210695857574 -6.3044996304646439)
(0.0081632853729491361 0.46482350758140406 -6.3015157208522981)
(0.19688859123507252 0.34048234460337695 -6.5)
(1 1 -6)
(1.999998037494694 1.3267027061638401 -6.3537943784571853)
(-2 2 -6.3456586671406843)
(-1.3269338711404683 1.9999984284272472 -6.353789142065895)
(-0.65999963235393189 1.9999982932081808 -6.3540458661887955)
(-0.00021957311295158773 1.9999961300812346 -6.3533242402134134)
(0.65973874929491239 1.9999979345587569 -6.3540510409797992)
(1.3267113972811524 1.9999980358566178 -6.3537945495086348)
(2 2 -6.3456586671406852)
(-2 -2 -5.7059243853253951)
(-1.3249845069115453 -2 -5.7265250254125455)
(-0.65826366503537614 -2 -5.7276677077369857)
(-4.2401557402737022e-06 -2 -5.7265553568501772)
(0.65825928141481416 -2 -5.7276677295076732)
(1.32498211748588 -2 -5.7265251107818562)
(2 -2 -5.7059243853253951)
(-2 -1.3249836384460276 -5.7265256248114147)
(-1 -1 -5.5)
(-0.18426732304499396 -0.44371658819595849 -5.7914419194585305)
(0.012471734092460782 -0.48517046120247176 -5.7950556358356682)
(0.17358228473406662 -0.44766165595963048 -5.7893526051690589)
(1 -1 -5.5)
(1.9999999377621753 -1.3250316655046599 -5.7265213996586386)
(-2 -0.6582613429472578 -5.7276692069192618)
(-0.44369948733734071 -0.18426032563208114 -5.7914817600719601)
(-0.34069483876603851 -0.34070091257677498 -5.7673127257314576)
(0.34147486572422164 -0.34541077144285492 -5.7693379323934408)
(0.4484812412025122 -0.20010407323680857 -5.7311880454694357)
(1.9999998223317059 -0.6583449839937896 -5.7276634241295614)
(-2 -1.6999174252396371e-06 -5.7265572549786317)
(-0.48514705296041222 0.0125205594400313 -5.7951740738612791)
(0.49139708236795926 -0.0001397222932653539 -5.7326217954027552)
(1.9999997200665609 -9.8157662004924731e-05 -5.7265547971131854)
(-2 0.65826149521441435 -5.7276691339949544)
(-0.44757350691743208 0.17373683560363307 -5.7895013506077841)
(-0.3449908370113931 0.34185546726956495 -5.7695710270368741)
(0.34078014867791356 0.3384691384537693 -5.7784520701880648)
(0.45011431875776781 0.18154525375320232 -5.7593939807079062)
(1.9999997861473104 0.65817348880507187 -5.7276709402345229)
(-2 1.3249834428389431 -5.7265256795949471)
(-1 1 -5.5)
(-0.19910540556763745 0.44887105288939427 -5.7313883257936924)
(0.0017437451278820557 0.4911070955727439 -5.7324822754256015)
(0.18332618768106104 0.44905548529816181 -5.76016195196231)
(1 1 -5.5)
(1.999999922280834 1.3249294289544866 -5.726528385328769)
(-2 2 -5.7059243853253951)
(-1.3250289545084426 1.9999999377092015 -5.7265222039967476)
(-0.65834013411461911 1.9999998221784128 -5.7276651795343128)
(-9.6078285365847201e-05 1.9999997198282651 -5.7265567191646527)
(0.65817853423271488 1.9999997859696572 -5.7276721515896245)
(1.3249329735373869 1.9999999222163751 -5.7265287690355917)
(2 2 -5.7059243853253951)
(-2 -2 -5.1128106008532335)
(-1.322748588682565 -2 -5.1309547172704182)
(-0.65613098406497061 -2 -5.132423379658599)
(-4.3580287916663909e-06 -2 -5.1313412533464771)
(0.6561265295788612 -2 -5.1324235419458679)
(1.3227462823040335 -2 -5.1309548850787943)
(2 -2 -5.1128106008532317)
(-2 -1.3227473184864362 -5.1309554157275779)
(-1 -1 -5)
(-0.19184909401882835 -0.45987563213102151 -5.1287712008048123)
(-0.0022247479812962335 -0.49898292526350019 -5.1308509291214914)
(0.1867825629867097 -0.46232563401348375 -5.1268458577816727)
(1 -1 -5)
(1.9999999988829971 -1.3227699707813367 -5.1309520489470826)
(-2 -0.656128398852453 -5.132424838552506)
(-0.45986618008587199 -0.19182930971208989 -5.1288268565909521)
(-0.35258167284307285 -0.35258545347084891 -5.1285247053180933)
(0.34913428387176271 -0.35647838493953971 -5.1184348094216103)
(0.45922163001805627 -0.19579886182122128 -5.1104147540907059)
(1.999999993244358 -0.6561674348404255 -5.1324209688582574)
(-2 -1.5395922724043316e-06 -5.1313429795821)
(-0.49898020352923117 -0.0021649581308982625 -5.1309542884816803)
(0.49933356867825396 -0.0040349964993514091 -5.1081950389051114)
(1.9999999878704227 -4.3529134483206068e-05 -5.1313408778759646)
(-2 0.65612892566116376 -5.1324247775250003)
(-0.46226292385159495 0.18692665813184864 -5.1269747177595244)
(-0.35625972300901937 0.3493524936530793 -5.1185560886272157)
(0.35313796052879681 0.35241029111137995 -5.1146627700814626)
(0.46192494666396833 0.18866629533327295 -5.1125218184357184)
(1.9999999919563525 0.65608839337832536 -5.1324253507284592)
(-2 1.3227476606574495 -5.1309554179514816)
(-1 1 -5)
(-0.19532029184891189 0.45941292984388382 -5.1105023403757182)
(-0.0033006975616983888 0.49932099340209529 -5.1082740370045894)
(0.18950973339970345 0.46155375991033665 -5.1125723239070959)
(1 1 -5)
(1.9999999986113424 1.3227230463938753 -5.130957359157641)
(-2 2 -5.1128106008532317)
(-1.3227685064847792 1.9999999988820951 -5.1309528078715081)
(-0.65616517237978922 1.9999999932387065 -5.1324224655255248)
(-4.4724782616750784e-05 1.9999999878601771 -5.131342620457831)
(0.65609058001288423 1.9999999919494047 -5.1324265818818384)
(1.3227247439354251 1.9999999986100907 -5.1309578413693622)
(2 2 -5.1128106008532335)
(-2 -2 -4.5459895082603161)
(-1.3209478860360504 -2 -4.5675012600779192)
(-0.65432259061685105 -2 -4.5694419057540943)
(-3.5756988308701109e-06 -2 -4.5686870517120655)
(0.65431889266659138 -2 -4.5694420767737833)
(1.3209459674979018 -2 -4.5675014522179822)
(2 -2 -4.5459895082603161)
(-2 -1.3209468307066818 -4.5675019312660785)
(-1 -1 -4.5)
(-0.19258452924308389 -0.46075384519423696 -4.545185773004663)
(-0.0032952592307174556 -0.49996427394039528 -4.5447523343660512)
(0.18698840172744291 -0.4633708679493298 -4.5432469761289527)
(1 -1 -4.5)
(1.9999999999959501 -1.3209563609216881 -4.5674998708375885)
(-2 -0.65432034453950139 -4.5694430828172274)
(-0.46075432217354345 -0.19258127669540245 -4.5452379282332798)
(-0.35353073961397108 -0.35353725092012445 -4.5451991730291761)
(0.34976004759717372 -0.35703813030364173 -4.5407497943043804)
(0.45997242591455323 -0.19563443347789566 -4.5384185583330918)
(1.9999999999059852 -0.65433675560879057 -4.5694407342446572)
(-2 -1.0987993593335322e-06 -4.5686883427745322)
(-0.49996396283904448 -0.0032721554068698474 -4.5448466438307591)
(0.49996905726330809 -0.0034754703483495766 -4.5373924489683608)
(1.9999999997804385 -1.7150886954838544e-05 -4.5686868620235019)
(-2 0.6543210835382044 -4.5694430129056363)
(-0.46334896395383646 0.18704159380640403 -4.543360808605124)
(-0.356966625326535 0.34983199616193711 -4.5408637207388773)
(0.35364938651119832 0.35343490202870914 -4.5377881937281836)
(0.462427917420279 0.18959402811244166 -4.5375392007364326)
(1.9999999998893383 0.65430413744188332 -4.5694429563399632)
(-2 1.3209473301233827 -4.5675018859743464)
(-1 1 -4.5)
(-0.19548488524501081 0.46003508999175918 -4.5385141840793723)
(-0.0032371544935991966 0.4999699216825329 -4.5374583717382269)
(0.18985774453448012 0.46231923678570941 -4.5375708694786026)
(1 1 -4.5)
(1.9999999999950622 1.3209368777976878 -4.5675027433851572)
(-2 2 -4.5459895082603161)
(-1.3209555557433992 1.9999999999959488 -4.5675005071680674)
(-0.65433544143257849 1.9999999999059099 -4.5694418522687963)
(-1.868431538028741e-05 1.9999999997802529 -4.5686881618810373)
(0.65430543471993352 1.9999999998892422 -4.5694439667939379)
(1.3209380303856002 1.9999999999950557 -4.5675032166098433)
(2 2 -4.5459895082603161)
(-2 -2 -4.0175336671406843)
(-1.319667251006077 -2 -4.0307570112153197)
(-0.65303292606599816 -2 -4.0327143661794986)
(-3.0635456238196141e-06 -2 -4.0323493772533903)
(0.65302990795541216 -2 -4.032714456426655)
(1.3196657466156139 -2 -4.0307571322435454)
(2 -2 -4.0175336671406843)
(-2 -1.3196662362664724 -4.0307576659274087)
(-1 -1 -4)
(-0.19270506786428074 -0.46071416529152792 -4.011943928424806)
(-0.0033044623461074077 -0.49998013642867434 -4.0117086390073036)
(0.18707173583585016 -0.46334827265756973 -4.0112196261902904)
(1 -1 -4)
(2.0000000000000515 -1.3196701206074315 -4.0307564652871601)
(-2 -0.65303117662090848 -4.0327153779171381)
(-0.46072872369333018 -0.19272188994692485 -4.0119942485312681)
(-0.3535476691883358 -0.35355840497745183 -4.0120139985893397)
(0.34994725896844348 -0.35686490865252574 -4.0105375017415898)
(0.46008492079340713 -0.19539938724339603 -4.0099018904314194)
(1.999999999999686 -0.65303756188095474 -4.0327139127750717)
(-2 -1.0815139726843696e-06 -4.0323504565772987)
(-0.49998034286685111 -0.0033096724557545375 -4.0118005335448688)
(0.49998203899135873 -0.0033291939522147283 -4.009539601577341)
(1.9999999999986928 -5.8815446770168523e-06 -4.0323493001141548)
(-2 0.6530317474842775 -4.032715311483889)
(-0.46334978983934266 0.18707215372577149 -4.0113372882724105)
(-0.3568563706147595 0.34995750198343412 -4.0106612525467389)
(0.35357960394646937 0.35352727458133121 -4.0094815407651998)
(0.46242546573384219 0.18963453891285983 -4.0094589241312857)
(1.9999999999996221 0.65302508392203551 -4.0327147921023432)
(-2 1.3196669035011708 -4.0307575649321086)
(-1 1 -4)
(-0.19537195491247009 0.46009641015742747 -4.0100114330700007)
(-0.003282869693043635 0.49998226182691519 -4.0096206256007036)
(0.1896938080626196 0.46240112822021684 -4.0095011125538607)
(1 1 -4)
(2.0000000000000662 1.3196626830970335 -4.0307576363147728)
(-2 2 -4.0175336671406843)
(-1.3196693306203373 2.0000000000000515 -4.0307570721436798)
(-0.65303649513321638 1.9999999999996854 -4.032714859475103)
(-7.2494357864145426e-06 1.9999999999986922 -4.032350383213811)
(0.65302625218619614 1.9999999999996216 -4.0327157178562629)
(1.3196636270127473 2.0000000000000662 -4.0307581186350356)
(2 2 -4.0175336671406843)
(-2 -2 -3.503684877065079)
(-1.3187818678496419 -2 -3.5123285305351462)
(-0.65224015012456105 -2 -3.5138000254404407)
(-3.2404575289432201e-06 -2 -3.5137115129069105)
(0.65223716955274391 -2 -3.5138000413015851)
(1.3187804953366837 -2 -3.5123285637610415)
(2 -2 -3.503684877065079)
(-2 -1.3187809253491434 -3.5123291176099771)
(-1 -1 -3.5)
(-0.1927251846076582 -0.46075862987717031 -3.5022828274729259)
(-0.0032607765942292369 -0.49998113337929811 -3.5022133404257065)
(0.18717650286094928 -0.46330044852955793 -3.5020901788551764)
(1 -1 -3.5)
(1.9999999999999998 -1.318782672381388 -3.5123283582390212)
(-2 -0.65223852624393153 -3.5138010258535726)
(-0.46074647160060944 -0.19273130840214139 -3.5023318140104038)
(-0.35354883582071506 -0.35355794628781934 -3.5023221731455982)
(0.35005849729850508 -0.35675382922697124 -3.5019338621280842)
(0.46013604240189043 -0.19527917637066569 -3.5017932502103561)
(2.0000000000000004 -0.6522413718319815 -3.5137998891502624)
(-2 -1.3855096594608218e-06 -3.5137126328007651)
(-0.49998088618725206 -0.00326816553060892 -3.5023035675754621)
(0.49998272444974717 -0.0032636941380904676 -3.5017156357862809)
(1.9999999999999984 -1.8641789742834245e-06 -3.51371148721968)
(-2 0.6522388609726526 -3.5138009818256171)
(-0.46330715891266694 0.18717353326484143 -3.5022091016732371)
(-0.35675626640579816 0.350057715968358 -3.5020617827738421)
(0.3535570578353015 0.35354972446459565 -3.5017238621014131)
(0.46241447699406096 0.18966131314858636 -3.5017044362878247)
(2.0000000000000004 0.65223589533466708 -3.5138001386079232)
(-2 1.3187815111641923 -3.5123290893143211)
(-1 1 -3.5)
(-0.19527727435825307 0.46013657011157022 -3.5019099899035564)
(-0.0032578647108910241 0.49998273429105189 -3.5018037046865165)
(0.189669945264443 0.46241090052395184 -3.5017515587196781)
(1 1 -3.5)
(2 1.3187796367690598 -3.5123287217977839)
(-2 2 -3.503684877065079)
(-1.3187818377812939 1.9999999999999998 -3.5123289154316035)
(-0.65224008071700124 2.0000000000000004 -3.5138008495310049)
(-3.1812369491910392e-06 1.9999999999999984 -3.5137126084814496)
(0.65223725680583255 1.9999999999999998 -3.5138011208592528)
(1.3187805476027101 2 -3.51232927776124)
(2 2 -3.503684877065079)
(-2 -2 -3.0003817334281369)
(-1.3183390678169467 -2 -3.0042627764513354)
(-0.65179974815445507 -2 -3.0052041606288067)
(-3.8562468500794127e-06 -2 -3.005235587575795)
(0.65179608167708314 -2 -3.0052041915446681)
(1.3183373039258706 -2 -3.0042627655283258)
(2 -2 -3.0003817334281369)
(-2 -1.3183377589908003 -3.004263451429797)
(-1 -1 -3)
(-0.19272221514647286 -0.46076884408218471 -3.0003034964378816)
(-0.003235905535459179 -0.49998133158713726 -3.0002735157386899)
(0.18722258721083465 -0.4632892327906723 -3.0002400546462797)
(1 -1 -3)
(2 -1.318339250683465 -3.0042627352506117)
(-2 -0.65179758687339551 -3.0052053877193816)
(-0.46076872809953173 -0.19272248306293557 -3.0003524222172167)
(-0.3535529279100344 -0.35355385348503654 -3.0003297709263594)
(0.35009920051309296 -0.35671393577724203 -3.0002065920040928)
(0.46015508874263139 -0.1952338252847208 -3.0001835021198424)
(2 -0.6518000037622127 -3.0052041343970011)
(-2 -1.4728484397488912e-06 -3.005236958642044)
(-0.49998133019705537 -0.003235970233777381 -3.0003646770473109)
(0.49998297011244597 -0.0032328603619618959 -3.0001793502987377)
(2 -4.1130480324421233e-06 -3.0052355809456417)
(-2 0.65179827019398684 -3.0052053504034433)
(-0.46328913870519156 0.18722282270283541 -3.0003590600492025)
(-0.35671356144945504 0.35009958154264859 -3.0003350372068294)
(0.35355442494423373 0.35355235614562547 -3.0002153947785302)
(0.46240895354295902 0.18967479049606725 -3.0001928369592132)
(2 0.65179581394445596 -3.0052042076238967)
(-2 1.3183386469620146 -3.0042634718532901)
(-1 1 -3)
(-0.19523296989138295 0.46015545065140395 -3.0003015869202749)
(-0.0032314442029044398 0.49998297738147929 -3.0002686787513642)
(0.18967643593628125 0.46240827752153491 -3.000240670459362)
(1 1 -3)
(2 1.318337108551787 -3.004262802960155)
(-2 2 -3.0003817334281369)
(-1.3183379725167952 2 -3.0042633981606768)
(-0.6517979469149392 2 -3.0052053413017505)
(-1.8869055741357125e-06 2 -3.0052369522976696)
(0.65179789856644876 2 -3.00520538706379)
(1.3183384214918406 2 -3.0042635214846332)
(2 2 -3.0003817334281369)
(-2 -2 -2.5)
(-1.3180842425654395 -2 -2.5013024957125354)
(-0.65158563658462654 -2 -2.5017538781133255)
(-4.55273062020629e-06 -2 -2.501803127384016)
(0.65158085924310383 -2 -2.5017539717892441)
(1.3180816208968504 -2 -2.5013025129307547)
(2 -2 -2.5)
(-2 -1.3180820528739992 -2.5013035520764744)
(-1 -1 -2.5)
(-0.19271614883629445 -0.46075284425296004 -2.5000529500132025)
(-0.0032313257138896971 -0.49998113563683072 -2.5000264309843598)
(0.18722732318146204 -0.46328525778921048 -2.5000034525043482)
(1 -1 -2.5)
(2 -1.3180842726641961 -2.50130248785563)
(-2 -0.65158230416578655 -2.5017557416202183)
(-0.46076475278406326 -0.19271067856368776 -2.5001037270891517)
(-0.35355702669191535 -0.35354984316259669 -2.5000764885991198)
(0.35010381380300298 -0.35671079803863409 -2.4999860844608359)
(0.46015615452821279 -0.19523097719533958 -2.499976739009643)
(2 -0.65158568428270391 -2.5017538716099019)
(-2 2.4334446860493701e-06 -2.5018051890061606)
(-0.49998139488388588 -0.0032236772148624168 -2.5001171751068045)
(0.49998290131017592 -0.0032323587448127447 -2.4999819008083497)
(2 -4.606167956590882e-06 -2.501803126104905)
(-2 0.65158417491014708 -2.5017557269760387)
(-0.46327781650312744 0.18723209180267042 -2.5001241028003296)
(-0.35670535215053933 0.35010765333502109 -2.5001168007913708)
(0.35355508169174971 0.35355169952749554 -2.5000201293746227)
(0.46240924864240396 0.18967397611936174 -2.4999973701794018)
(2 0.65158080940499385 -2.5017539763277381)
(-2 1.318083804069853 -2.5013035981805638)
(-1 1 -2.5)
(-0.19522619512213243 0.4601584541354401 -2.5000990162794174)
(-0.0032279504214931753 0.49998294801324583 -2.5000741405769218)
(0.18967757963202297 0.46240780406530474 -2.5000496047954748)
(1 1 -2.5)
(2 1.3180815885824362 -2.5013025200559236)
(-2 2 -2.5)
(-1.3180820899720893 2 -2.5013035417474572)
(-0.65158236589362206 2 -2.5017557326746238)
(2.3628273600793134e-06 2 -2.501805187762459)
(0.65158411111882442 2 -2.5017557340349139)
(1.318083764837005 2 -2.5013036078088193)
(2 2 -2.5)
(-2 -2 -2)
(-1.3179792128648826 -2 -2.0003626942461619)
(-0.65149034891524793 -2 -2.0005284826280656)
(-5.0763748350669415e-06 -2 -2.0005571885658737)
(0.65148455259103499 -2 -2.0005286352312455)
(1.3179757232740481 -2 -2.0003627850102625)
(2 -2 -2)
(-2 -1.3179760322242557 -2.0003644752212293)
(-1 -1 -2)
(-0.19270725813359726 -0.46073498074387437 -2.0000249905907928)
(-0.0032299518040016535 -0.49998071018183826 -1.9999954358443919)
(0.18722406946806996 -0.46328766719286696 -1.9999738311550839)
(1 -1 -2)
(2 -1.3179792158184351 -2.0003626934660477)
(-2 -0.65148563514412061 -2.0005314822240345)
(-0.46072043531482887 -0.19269050286655967 -2.0000756770415258)
(-0.35355644263776714 -0.35355037598640965 -2.0000501363070717)
(0.35009796849996372 -0.35671727167309975 -1.9999597960664366)
(0.46015189624800912 -0.19524107645196961 -1.999956647146524)
(2 -0.65149035328454996 -2.0005284820234435)
(-2 3.4528027927377218e-06 -2.0005605529469275)
(-0.49998053548341609 -0.0032197743055268034 -2.0000918822466631)
(0.49998271836933322 -0.0032421208790902227 -1.9999621386802346)
(2 -5.0811193884381218e-06 -2.0005571884015025)
(-2 0.65148918816805679 -2.0005316130232651)
(-0.46328336539811854 0.1872303491650274 -2.0001036467204898)
(-0.3567120715918331 0.35010160438148646 -2.0001002614689862)
(0.35355497817742043 0.35355180301685057 -2.0000035885339953)
(0.46241134172927334 0.18966876820696815 -1.9999794492533089)
(2 0.65148454796693489 -2.0005286355836258)
(-2 1.3179788343784979 -2.000364632886884)
(-1 1 -2)
(-0.19523635103426643 0.46015396769402106 -2.0000853136825669)
(-0.0032378769890264603 0.49998277011986131 -2.0000617978405808)
(0.18967214336634552 0.46240998929763716 -2.0000342225485888)
(1 1 -2)
(2 1.317975720055514 -2.0003627856970585)
(-2 2 -2)
(-1.3179760364729101 2 -2.0003644739171285)
(-0.65148564209506399 2 -2.0005314811052122)
(3.4449020386007003e-06 2 -2.0005605527888024)
(0.65148918097075714 2 -2.0005316139030067)
(1.3179788298741357 2 -2.0003646341034815)
(2 2 -2)
(-2 -2 -1.5)
(-1.3179422500918534 -2 -1.5000901267617961)
(-0.65145243244560802 -2 -1.5001386561281924)
(-5.2744451522179748e-06 -2 -1.5001495935161857)
(0.65144612708474048 -2 -1.5001388039276289)
(1.3179382064907728 -2 -1.5000902619983383)
(2 -2 -1.5)
(-2 -1.3179383404031226 -1.5000928861782321)
(-1 -1 -1.5)
(-0.19269527533401831 -0.46071967080352633 -1.4999744476691887)
(-0.0032246100683686859 -0.49998006815747614 -1.4999504940995998)
(0.18722555007305691 -0.46328845402429375 -1.499935808858462)
(1 -1 -1.5)
(2 -1.3179422502029552 -1.5000901267439193)
(-2 -0.65144675886708381 -1.5001431508718741)
(-0.46071979833673365 -0.19269496910472184 -1.5000259455532112)
(-0.35355392390153884 -0.35355285728425012 -1.5000015143572241)
(0.3500965833454357 -0.35671910449446331 -1.4999303114500331)
(0.46015043288476887 -0.19524457158516215 -1.4999333102467063)
(2 -0.6514524325744443 -1.5001386561214829)
(-2 4.2229792830317438e-06 -1.5001547138123994)
(-0.4999800687975467 -0.0032245038879730598 -1.5000502845523638)
(0.49998265034760525 -0.0032454916765580419 -1.4999492128178724)
(2 -5.2745665698541688e-06 -1.5001495935056304)
(-2 0.65145162777687815 -1.5001436085401694)
(-0.4632884847870069 0.18722547474146767 -1.5000653568099165)
(-0.3567192044098102 0.35009648227007745 -1.5000736949311264)
(0.35355379190606545 0.35355298928008072 -1.499998542795526)
(0.46241184290857068 0.189667531320103 -1.4999719637951978)
(2 0.6514461269406735 -1.5001388039182026)
(-2 1.3179419510600019 -1.5000934094661433)
(-1 1 -1.5)
(-0.19524468635165959 0.46015038434576749 -1.5000678527644964)
(-0.0032455283719127715 0.49998264983346252 -1.5000514455606586)
(0.18966755932657015 0.46241183068158959 -1.5000281472486341)
(1 1 -1.5)
(2 1.3179382063637044 -1.5000902620103225)
(-2 2 -1.5)
(-1.3179383406440304 2 -1.5000928860970442)
(-0.65144675925225626 2 -1.5001431508030021)
(4.2225450610071181e-06 2 -1.5001547138025031)
(0.65145162737712548 2 -1.5001436085941284)
(1.3179419508040386 2 -1.5000934095419416)
(2 2 -1.5)
(-2 -2 -1)
(-1.3179304903521414 -2 -1.0000164964041085)
(-0.65143937001227215 -2 -1.0000274050306637)
(-5.3004805028366942e-06 -2 -1.0000302081899057)
(0.65143296187029009 -2 -1.0000274975724288)
(1.3179262719008618 -2 -1.0000166109271469)
(2 -2 -1)
(-2 -1.3179263200999076 -1.0000202608414661)
(-1 -1 -1)
(-0.19269066359359999 -0.46072036800733102 -0.99992390204165638)
(-0.0032197256901295643 -0.49998053563976835 -0.99991137093824878)
(0.18723061013783809 -0.46328325912861246 -0.9999023574450705)
(1 -1 -1)
(2 -1.3179304903521414 -1.0000164964041085)
(-2 -0.65143343656723018 -1.0000333684288782)
(-0.46073506915706114 -0.1927070449268114 -0.99997603017581438)
(-0.35355055960688264 -0.35355625920221506 -0.99995125648636873)
(0.35010186286853628 -0.35671181644743766 -0.99990249389443997)
(0.46015409167454818 -0.19523605811888434 -0.99991654517578266)
(2 -0.65143937001227215 -1.0000274050306637)
(-2 7.2910455030837867e-07 -1.0000370642442413)
(-0.49998071114626985 -0.0032297519331045653 -1.0000056419356715)
(0.49998277117195494 -0.0032376909257668981 -0.99993931410076609)
(2 -5.3004805028686443e-06 -1.0000302081899057)
(-2 0.65143869855102532 -1.000034375122514)
(-0.46328758846150142 0.18722426307619533 -1.0000278189793406)
(-0.35671714112759018 0.35009810108219086 -1.0000422965426616)
(0.35355258009645707 0.35355420111252528 -0.9999943428889102)
(0.46240996674075979 0.18967219970358137 -0.99996655258050737)
(2 0.65143296187029021 -1.0000274975724286)
(-2 1.3179302244193056 -1.0000215020020256)
(-1 1 -1)
(-0.195240978942154 0.46015193755623079 -1.0000480634626874)
(-0.0032420567373075545 0.49998271819152185 -1.0000394758904569)
(0.18966880941997666 0.46241132359775866 -1.0000216168482814)
(1 1 -1)
(2 1.317926271900862 -1.0000166109271469)
(-2 2 -1)
(-1.3179263200999078 2 -1.0000202608414663)
(-0.65143343656723018 2 -1.0000333684288782)
(7.2910455032690498e-07 2 -1.0000370642442413)
(0.65143869855102532 2 -1.000034375122514)
(1.3179302244193059 2 -1.0000215020020256)
(2 2 -1)
(-2 -2 -0.5)
(-1.3179269368623896 -2 -0.49999886530701459)
(-0.65143543047627117 -2 -0.49999984508501893)
(-5.3088107747725883e-06 -2 -0.50000004258869846)
(0.65142901836810829 -2 -0.49999989476501305)
(1.3179227178767887 -2 -0.4999989505088504)
(2 -2 -0.5)
(-2 -1.317922815095856 -0.50000345790894429)
(-1 -1 -0.5)
(-0.19270991678793173 -0.46076507114879056 -0.49992466931596463)
(-0.0032220695967476961 -0.49998140467304686 -0.49991419688454664)
(0.18723425134591057 -0.46327693857060709 -0.49990530346983908)
(1 -1 -0.5)
(2 -1.3179269368623896 -0.49999886530701454)
(-2 -0.65142959998854055 -0.50000700699342537)
(-0.46075311774131195 -0.19271549350381112 -0.49997392744989322)
(-0.35354901374567288 -0.35355785539700962 -0.49995088091788442)
(0.35010956713376296 -0.35670346743640963 -0.49990596012316491)
(0.46015939975907721 -0.19522395962487504 -0.49991941261010503)
(2 -0.65143543047627117 -0.49999984508501893)
(-2 6.2010863937173502e-07 -0.50000844533399025)
(-0.49998114570157287 -0.003229664996859909 -0.50000254514460374)
(0.49998295730449488 -0.0032263198488374448 -0.4999415110924077)
(2 -5.3088107746833889e-06 -0.50000004258869846)
(-2 0.65143472913848122 -0.50000883703572807)
(-0.46328434281136549 0.18722957383473571 -0.50002387822130789)
(-0.35670889778601911 0.35010574294367686 -0.50003827718225102)
(0.35355248101438758 0.35355430019249806 -0.49999453049472437)
(0.46240752325047862 0.18967826641104255 -0.49996794737605105)
(2 0.6514290183681084 -0.499999894765013)
(-2 1.317926709762687 -0.5000056590497225)
(-1 1 -0.5)
(-0.19522879995289019 0.46015707552353774 -0.50004158331023973)
(-0.0032307806230524936 0.49998290947190599 -0.50003678433470422)
(0.18967465740892633 0.46240896795575787 -0.50002034131538897)
(1 1 -0.5)
(2 1.3179227178767887 -0.4999989505088504)
(-2 2 -0.5)
(-1.3179228150958562 2 -0.5000034579089444)
(-0.65142959998854066 2 -0.50000700699342537)
(6.2010863935985136e-07 2 -0.50000844533399025)
(0.65143472913848122 2 -0.50000883703572818)
(1.3179267097626872 2 -0.5000056590497225)
(2 2 -0.5)
(-2 -2 -5.5511151231257827e-17)
(-1.3179261853367004 -2 4.5934273968915223e-06)
(-0.65143457472730426 -2 5.9474106709363661e-06)
(-5.3079123091470239e-06 -2 6.5228202694224968e-06)
(0.65142816249228219 -2 5.9212883033698044e-06)
(1.3179219635231338 -2 4.5330111809916011e-06)
(2 -2 0)
(-2 -1.3179220800385587 -2.3722821674037666e-06)
(-1 -1 0)
(-0.19271780346738551 -0.4607706859155879 2.4107520895754557e-05)
(-0.0032257780487127668 -0.49998139594914376 4.4811349521854881e-05)
(0.18723632428550732 -0.46328364753530415 5.8450294644761427e-05)
(1 -1 0)
(2 -1.3179261853367004 4.5934273968711689e-06)
(-2 -0.65142873197974305 -3.9102046021119369e-06)
(-0.46077060949369908 -0.19271798496043477 -2.1656206896264187e-05)
(-0.3535529143474041 -0.35355386683854573 2.821432944075396e-06)
(0.35011111176843612 -0.35670220432804378 6.3386292205008324e-05)
(0.46016083147015235 -0.19522024816264211 6.1055967871147002e-05)
(2 -0.65143457472730426 5.9474106708640557e-06)
(-2 7.1256651047679254e-07 -3.0691622004763089e-06)
(-0.49998139560954219 -0.0032258143585108018 -4.3140790799125616e-05)
(0.49998302886548707 -0.003222689664031976 4.6409615788052889e-05)
(2 -5.3079123091163604e-06 6.5228202693646707e-06)
(-2 0.65143400207542701 -6.547871006111476e-06)
(-0.46328362376058335 0.18723638245614166 -5.7403709069402734e-05)
(-0.35670218764879402 0.35011112801144345 -6.250817111268189e-05)
(0.35355358731665876 0.35355319386974288 1.0393524031685934e-06)
(0.46240693605917094 0.18967970894591818 2.5235906197767509e-05)
(2 0.65142816249228219 5.921288303352613e-06)
(-2 1.3179260631774043 -5.3405616406609491e-06)
(-1 1 0)
(-0.19522033312389583 0.46016079553385725 -5.7634194500314201e-05)
(-0.0032229745762690229 0.49998302661057659 -4.6210084134822095e-05)
(0.18967926945588032 0.46240711500568538 -2.5710430940612259e-05)
(1 1 0)
(2 1.3179219635231338 4.533011181001768e-06)
(-2 2 0)
(-1.3179220800385589 2 -2.3722821674366094e-06)
(-0.65142873197974316 2 -3.9102046020639144e-06)
(7.1256651044115988e-07 2 -3.0691622004210265e-06)
(0.6514340020754269 2 -6.5478710061191967e-06)
(1.3179260631774043 2 -5.340561640684721e-06)
(2 2 0)
(-2 -2 0.5)
(-1.3179268240027993 -2 0.50000543022815569)
(-0.65143533317156643 -2 0.50000900899832956)
(-5.3078847055791913e-06 -2 0.50000951506656854)
(0.65142892307152556 -2 0.50000901346034088)
(1.3179226091319036 -2 0.5000054163890062)
(2 -2 0.5)
(-2 -1.3179227118113033 0.50000074333274025)
(-1 -1 0.5)
(-0.19271541770830486 -0.46075314920815574 0.49997640963624107)
(-0.0032296420898381829 -0.49998114605537813 0.50000470418260656)
(0.18722955557298937 -0.46328435018796821 0.50002518392842132)
(1 -1 0.5)
(2 -1.3179268240027993 0.50000543022815569)
(-2 -0.651429285978252 0.50000132056736857)
(-0.46076505336549584 -0.19270995691324438 0.49992857858144574)
(-0.35355779471504867 -0.35354907412003894 0.49995303674194891)
(0.35010575796521259 -0.35670888375679094 0.50003884101442087)
(0.46015713176627204 -0.19522866684405157 0.5000416997605861)
(2 -0.65143533317156643 0.50000900899832956)
(-2 4.7948136285734762e-06 0.49999986507147537)
(-0.49998140483844633 -0.0032220437714499191 0.49991142947219469)
(0.49998291214323043 -0.0032304322870387826 0.50003641763690831)
(2 -5.3078847055294273e-06 0.50000951506656843)
(-2 0.6514351093350923 0.49999852035665615)
(-0.46327692095264678 0.18723429434087763 0.49990220150103565)
(-0.35670346722367102 0.3501095675910979 0.49990571249847632)
(0.35355398814429762 0.35355279306285708 0.49999375522655326)
(0.46240878869508539 0.18967509748363454 0.5000196550570728)
(2 0.65142892307152567 0.50000901346034066)
(-2 1.3179268922478873 0.49999775735018837)
(-1 1 0.5)
(-0.19522403157830129 0.46015936919462341 0.49991950317215977)
(-0.0032265028268808659 0.49998295605174364 0.49994148643274156)
(0.18967796995810979 0.46240764371142012 0.49996742411147188)
(1 1 0.5)
(2 1.3179226091319036 0.50000541638900609)
(-2 2 0.5)
(-1.3179227118113035 2 0.50000074333274014)
(-0.65142928597825212 2 0.50000132056736846)
(4.7948136284685898e-06 2 0.49999986507147537)
(0.6514351093350923 2 0.49999852035665615)
(1.3179268922478871 2 0.49999775735018825)
(2 2 0.5)
(-2 -2 1)
(-1.3179303237630864 -2 1.0000214809768504)
(-0.65143923472894394 -2 1.0000346267042701)
(-5.3017606630069083e-06 -2 1.0000378147471309)
(0.65143282991738072 -2 1.0000346897603347)
(1.3179261125871455 -2 1.000021541173391)
(2 -2 1)
(-2 -1.3179262331579882 1.000017751314479)
(-1 -1 1)
(-0.19270718614642793 -0.46073501077943557 0.99997718517437739)
(-0.0032297789383772214 -0.49998071124984883 1.000006670193746)
(0.18722430547847507 -0.46328757122719738 1.0000280595503788)
(1 -1 1)
(2 -1.3179303237630862 1.0000214809768506)
(-2 -0.65143312339293835 1.000028278094707)
(-0.46072046437806879 -0.19269043317993101 0.99992648585131849)
(-0.35355644152433124 -0.35355037703282044 0.9999520310497555)
(0.35009818371393553 -0.35671705978063734 1.0000417181844474)
(0.46015201645017373 -0.19524079229643646 1.0000444355809524)
(2 -0.65143923472894383 1.0000346267042703)
(-2 4.9465341575340823e-06 1.0000297781068113)
(-0.49998053654317531 -0.0032196074644981064 0.99990747953675307)
(0.49998272024516999 -0.003241779000245595 1.000038434207186)
(2 -5.3017606630353085e-06 1.0000378147471307)
(-2 0.65143913511267137 1.0000261998080269)
(-0.46328327216278903 0.18723057845458493 0.99989826840412421)
(-0.35671187483147881 0.35010180419268444 0.99990124628969168)
(0.35355398099030771 0.35355280021575797 0.99999357842614112)
(0.46241120253299689 0.18966910724349142 1.0000207040546905)
(2 0.65143282991738061 1.0000346897603347)
(-2 1.317930427238565 1.0000155729003126)
(-1 1 1)
(-0.19523614930430919 0.46015405298598372 0.99991572456186883)
(-0.0032378505585165555 0.49998277010413195 0.99993872237171799)
(0.18967196927634308 0.46241006026820775 0.99996590370029415)
(1 1 1)
(2 1.3179261125871455 1.000021541173391)
(-2 2 1)
(-1.3179262331579882 2 1.0000177513144788)
(-0.65143312339293835 2 1.000028278094707)
(4.9465341574834687e-06 2 1.0000297781068113)
(0.65143913511267115 2 1.0000261998080271)
(1.317930427238565 2 1.0000155729003126)
(2 2 1)
(-2 -2 1.5)
(-1.3179421407877123 -2 1.5000933165223025)
(-0.65145232064163461 -2 1.5001435100917995)
(-5.2740418939050988e-06 -2 1.5001548353465304)
(0.651446018907192 -2 1.5001436472879128)
(1.317938098965781 -2 1.5000934358429707)
(2 -2 1.5)
(-2 -1.3179383052687468 1.5000908167196572)
(-1 -1 1.5)
(-0.19269527411117263 -0.46071967131282288 1.5000257348837653)
(-0.0032246087183054372 -0.49998006816531632 1.5000496921408553)
(0.18722555303755309 -0.46328845282109976 1.5000643502395832)
(1 -1 1.5)
(2 -1.3179421410468772 1.5000933164350219)
(-2 -0.65144662713532198 1.5001391908269788)
(-0.46071979892059761 -0.19269496771160594 1.4999742315880162)
(-0.35355392368479938 -0.35355285750098092 1.4999986596262722)
(0.35009659386468334 -0.35671909415631692 1.5000697655624702)
(0.46015045038827596 -0.19524453026366517 1.5000666293349774)
(2 -0.65145232105602857 1.500143510017826)
(-2 4.4695895190890614e-06 1.5001494338069026)
(-0.49998006881788598 -0.0032245008324464641 1.4999498949731083)
(0.49998265125421637 -0.003245339921814847 1.5000504155133856)
(2 -5.27450863984671e-06 1.5001548353361802)
(-2 0.6514518591601518 1.5001381528825308)
(-0.46328848418214164 0.18722547622742169 1.4999347961253118)
(-0.35671921139635804 0.3500964751623985 1.4999263750869378)
(0.35355279091837571 0.35355399026715251 1.4999977927279764)
(0.46241173871191349 0.18966778598718284 1.5000273346620103)
(2 0.65144601847788641 1.5001436473459067)
(-2 1.31794205662054 1.5000897166684128)
(-1 1 1.5)
(-0.19524472335811371 0.46015036867511289 1.49993207615373)
(-0.0032456759371657434 0.49998264891307481 1.4999481695250678)
(0.1896673071552375 0.46241193381190354 1.4999711416418784)
(1 1 1.5)
(2 1.3179380986908813 1.5000934359243654)
(-2 2 1.5)
(-1.3179383055091485 2 1.5000908166386402)
(-0.65144662751968485 2 1.5001391907582518)
(4.4691562102375103e-06 2 1.5001494337970271)
(0.65145185876124023 2 1.5001381529363762)
(1.3179420563651145 2 1.5000897167440512)
(2 2 1.5)
(-2 -2 2)
(-1.3179791644385976 -2 2.0003644911144232)
(-0.65149029299532857 -2 2.0005313538476952)
(-5.0817587212583314e-06 -2 2.0005603703543331)
(0.65148448882636545 -2 2.0005315080138839)
(1.3179756723542251 -2 2.0003645830968693)
(2 -2 2)
(-2 -1.3179760356103409 2.0003629930436779)
(-1 -1 2)
(-0.19269074259455232 -0.46072033497430276 2.000075323474706)
(-0.0032198905399594894 -0.49998053462264413 2.0000906953644133)
(0.1872303816418408 -0.46328335204379639 2.000099550537846)
(1 -1 2)
(2 -1.3179791688247633 2.0003644898000656)
(-2 -0.65148560991464155 2.0005288351009773)
(-0.46073504957484185 -0.19270709189573268 2.0000260049705605)
(-0.35355056527471612 -0.35355625359703963 2.000050762215785)
(0.35010166378451757 -0.35671201249309897 2.0000990373750693)
(0.46015400466756279 -0.19523626389729429 2.0000845488072612)
(2 -0.65149030011435116 2.0005313527317381)
(-2 3.5122794284373322e-06 2.000557287469678)
(-0.49998071029703645 -0.0032298909285451106 1.9999963501652773)
(0.49998277105625272 -0.0032377367870722565 2.0000613143678634)
(2 -5.0898182189453631e-06 2.0005603701899255)
(-2 0.65148925891342024 2.0005284955921696)
(-0.46328767756802719 0.18722404394017744 1.9999739890525543)
(-0.35671734235192398 0.35009789671675756 1.9999591650831607)
(0.3535516191056054 0.35355516209173332 2.0000029527896213)
(0.4624099077978796 0.18967234427299784 2.0000337168739342)
(2 0.65148448145444049 2.0005315088761293)
(-2 1.3179788732243196 2.0003626570571922)
(-1 1 2)
(-0.19524124238416027 0.46015182612591188 1.9999529860733112)
(-0.0032423464095567935 0.49998271660556148 1.9999610982163338)
(0.18966853652854818 0.46241143559838532 1.9999786044031265)
(1 1 2)
(2 1.3179756677050209 2.0003645843164546)
(-2 2 2)
(-1.3179760398500349 2 2.0003629917424797)
(-0.65148561685093698 2 2.000528833984804)
(3.504395292987995e-06 2 2.0005572873122492)
(0.65148925173122585 2 2.0005284964703871)
(1.3179788687293892 2 2.0003626582714209)
(2 2 2)
(-2 -2 2.5)
(-1.3180842384299722 -2 2.5013034743686067)
(-0.65158564080008829 -2 2.5017555027672231)
(-4.588691903875238e-06 -2 2.5018049675333924)
(0.65158080919409955 -2 2.5017556041782374)
(1.3180815953007694 -2 2.5013034980801061)
(2 -2 2.5)
(-2 -1.3180820590573954 2.5013026156530982)
(-1 -1 2.5)
(-0.19271074311536882 -0.46076472668552515 2.5001042514480334)
(-0.0032237542689053885 -0.49998139442250361 2.5001169053673942)
(0.18723201972170225 -0.46327784594272781 2.5001236112854621)
(1 -1 2.5)
(2 -1.3180842752198998 2.5013034645748879)
(-2 -0.65158230538791384 2.5017541399163283)
(-0.46075287950699401 -0.19271606505754107 2.5000548228925132)
(-0.35354989414742455 -0.35355697599474678 2.5000779947632226)
(0.35010761392378659 -0.35670539070995916 2.5001165591014933)
(0.46015844722444027 -0.19522621164648141 2.5001019550459)
(2 -0.65158570117926051 2.5017554944291427)
(-2 2.4477744821536861e-06 2.5018033271202205)
(-0.49998113608089029 -0.0032312233560729819 2.5000253618072663)
(0.49998294833814222 -0.0032279360108274134 2.5000772303349086)
(2 -4.6573367782970338e-06 2.5018049662387942)
(-2 0.65158419706279291 2.5017540581185478)
(-0.4632852280270191 0.18722739650113263 2.500001717348781)
(-0.35671077526043227 0.35010383620881419 2.4999835544552851)
(0.35355158616195959 0.35355519506021371 2.5000198296933216)
(0.46240776735468753 0.18967767198064742 2.5000468515100627)
(2 0.65158074668412125 2.5017556105189502)
(-2 1.3180838117435505 2.5013025906215112)
(-1 1 2.5)
(-0.19523104416426498 0.46015612624378049 2.4999763990299555)
(-0.0032325255254844337 0.4999828997198198 2.4999813338028778)
(0.18967380451251795 0.46240931805304653 2.4999968124418857)
(1 1 2.5)
(2 1.3180815563052408 2.5013035071206722)
(-2 2 2.5)
(-1.3180820960773636 2 2.5013026053473104)
(-0.65158236698582495 2 2.5017541309924418)
(2.3773056294206832e-06 2 2.5018033258827894)
(0.6515841334054282 2 2.5017540651658776)
(1.3180837725929928 2 2.5013026002314378)
(2 2 2.5)
(-2 -2 3.0003817334281369)
(-1.3183390962439367 -2 3.0042633430663903)
(-0.65179981778026119 -2 3.0052051302665559)
(-3.9574721256244761e-06 -2 3.0052367056372389)
(0.65179599428995239 -2 3.0052051737525032)
(1.3183372639328972 -2 3.0042633434192072)
(2 -2 3.0003817334281369)
(-2 -1.3183377607011657 3.0042628940034697)
(-1 -1 3)
(-0.19272265068452732 -0.46076865849075466 3.0003537964514417)
(-0.0032362088750414802 -0.49998132874450968 3.0003657760365656)
(0.18722240712914834 -0.46328930769650062 3.0003601294771531)
(1 -1 3)
(2 -1.3183392996993799 3.0042632971136318)
(-2 -0.65179759160369299 3.0052044309495423)
(-0.46076890113363911 -0.19272207755545012 3.0003050399817446)
(-0.35355396175876663 -0.35355281964334428 3.000331392327316)
(0.35009913008927146 -0.35671400634456057 3.0003364667651757)
(0.46015513453474444 -0.19523371715009144 3.000303322740661)
(2 -0.65180011332292909 3.0052050993114596)
(-2 -1.4727436396668492e-06 3.0052358585953072)
(-0.49998133324839916 -0.0032356377809221264 3.0002746275071694)
(0.49998297220386151 -0.0032325010072568237 3.0002701776735501)
(2 -4.2626384236913998e-06 3.0052366989032575)
(-2 0.6517982751546415 3.0052043936328019)
(-0.46328908695592974 0.1872229458962015 3.000240459567912)
(-0.35671354511118253 0.35009959676894287 3.0002063098569831)
(0.35355318236931693 0.35355359871787972 3.0002154566770183)
(0.46240872755135165 0.18967534226714308 3.0002415960374247)
(2 0.65179568664779786 3.0052051943630897)
(-2 1.3183386487656872 3.004262914441644)
(-1 1 3)
(-0.19523312750815741 0.46015538383301841 3.0001827550590421)
(-0.0032319380665482441 0.49998297461706542 3.000178475590793)
(0.18967578768519364 0.46240854314350277 3.0001921962881637)
(1 1 3)
(2 1.3183370479973999 3.0042633854858583)
(-2 2 3.0003817334281369)
(-1.3183379737782439 2 3.0042628408533205)
(-0.65179795088833115 2 3.0052043846432328)
(-1.8859305229469748e-06 2 3.005235852281908)
(0.65179790430794915 2 3.0052044302321415)
(1.3183384237691016 2 3.0042629639780034)
(2 2 3.0003817334281369)
(-2 -2 3.5036848770650795)
(-1.3187819287135871 -2 3.5123289163410081)
(-0.65224032556667633 -2 3.5138006951668048)
(-3.4987771546109574e-06 -2 3.5137123046478842)
(0.65223697478914922 -2 3.5138007409062531)
(1.3187804187365786 -2 3.5123289647658789)
(2 -2 3.5036848770650795)
(-2 -1.3187809236796875 3.512328749235722)
(-1 -1 3.5)
(-0.19273253391233772 -0.46074595938715895 3.5023335977262469)
(-0.0032700565021063083 -0.4999808735823244 3.502305816053298)
(0.1871708003073328 -0.46330826944119829 3.5022121840961775)
(1 -1 3.5)
(2 -1.3187827733568345 3.512328740432709)
(-2 -0.65223852650536507 3.513800378690596)
(-0.46075882640193555 -0.19272471314060399 3.5022831163565167)
(-0.3535585187866182 -0.35354826310083054 3.5023230622127097)
(0.3500544050812226 -0.35675952606811862 3.5020662192644409)
(0.46013419169113334 -0.19528290097501455 3.5019149647030177)
(2 -0.65224158900632145 3.5138005625636661)
(-2 -1.3852827879888705e-06 3.5137118804116754)
(-0.49998113924566118 -0.0032597916111058813 3.5022124962931733)
(0.49998268810597696 -0.0032663108970161043 3.5018083703089267)
(1.9999999999999982 -4.8437751713936729e-06 3.5137122788329243)
(-2 0.65223886153281951 3.5138003348289764)
(-0.46329958407023702 0.18717862728859441 3.5020877637722125)
(-0.35675073540229879 0.35006163994360956 3.5019301918493202)
(0.35355799392163501 0.35354878837120085 3.5017241554264213)
(0.46241538308997182 0.18965902090726025 3.5017545272990609)
(2.0000000000000004 0.65223565885985901 3.513800833946422)
(-2 1.3187815095144677 3.5123287211418832)
(-1 1 3.5)
(-0.19527278857121488 0.46013874398761251 3.5017887894008037)
(-0.0032544401083677323 0.49998277632108856 3.5017115156475165)
(0.18967147036574963 0.46241030907640207 3.5017020953556002)
(1 1 3.5)
(2 1.3187795200821109 3.512329126067399)
(-2 2 3.5036848770650795)
(-1.3187818341952755 2 3.5123285475031061)
(-0.65224007771273662 2 3.5138002027803297)
(-3.1772370026409033e-06 1.9999999999999982 3.5137118561978373)
(0.65223726073698562 1.9999999999999998 3.5138004736205848)
(1.318780547977918 2 3.5123289092222159)
(2 2 3.5036848770650795)
(-2 -2 4.0175336671406852)
(-1.3196673421083018 -2 4.0307573277603481)
(-0.65303318326507886 -2 4.0327149404168328)
(-3.4231694592034696e-06 -2 4.0323500480876762)
(0.65302961410044003 -2 4.0327150316298406)
(1.3196656059843721 -2 4.0307574595948052)
(2 -2 4.0175336671406834)
(-2 -1.3196662338814433 4.030757377878583)
(-1 -1 4)
(-0.19273217085897801 -0.46072443082333919 4.0119957524988425)
(-0.0033188180371178343 -0.49998028868851863 4.0118043597486928)
(0.1870629859570036 -0.46335354175699806 4.0113448465879031)
(1 -1 4)
(2.000000000000052 -1.319670247823981 4.0307567824769936)
(-2 -0.65303117541727629 4.0327148603938578)
(-0.46071555748592485 -0.19270172179772596 4.0119423467316446)
(-0.3535606365283438 -0.35354543704708413 4.0120141716384223)
(0.34994287218204673 -0.35687082193554154 4.0106724410527077)
(0.46008307337535398 -0.19540358423733423 4.0100254027646196)
(1.9999999999996854 -0.65303785224910182 4.0327144835488902)
(-2 -1.0803097391370096e-06 4.0323498487411369)
(-0.49998012939962394 -0.0033032642423670437 4.0117042193973553)
(0.49998200165406759 -0.0033312979453519655 4.0096338348218286)
(1.9999999999986933 -6.263055560132038e-06 4.0323499702345496)
(-2 0.6530317478125347 4.032714794169407)
(-0.46334499060674683 0.18707974138943617 4.0112115445652607)
(-0.3568508022282626 0.34996153393862867 4.0105259422227411)
(0.35357501601668262 0.35353186428818051 4.009481963846274)
(0.46242555504076893 0.18963424574571328 4.0095094019219699)
(1.9999999999996221 0.65302475685098249 4.0327153695541034)
(-2 1.3196669013247011 4.0307572772533753)
(-1 1 4)
(-0.19536797588274973 0.46009816711675211 4.0098883591050987)
(-0.0032811093910290047 0.49998229766876923 4.0095272703845488)
(0.18969367286651453 0.46240121384288296 4.009451425585457)
(1 1 4)
(2.0000000000000662 1.3196625062937464 4.0307579623165033)
(-2 2 4.0175336671406852)
(-1.3196693217388946 2.000000000000052 4.0307567853611905)
(-0.65303648275199622 1.9999999999996854 4.0327143430697729)
(-7.2352470484165439e-06 1.9999999999986922 4.0323497755661446)
(0.65302626409520137 1.9999999999996216 4.0327151997288837)
(1.3196636317396297 2.0000000000000662 4.0307578298260616)
(2 2 4.0175336671406843)
(-2 -2 4.5459895082603179)
(-1.320947993286552 -2 4.5675015883232746)
(-0.65432280561767564 -2 4.569442592303429)
(-3.8930441659553217e-06 -2 4.5686879149297779)
(0.65431856731172999 -2 4.5694427567432161)
(1.3209457915187715 -2 4.5675017915902485)
(2 -2 4.5459895082603179)
(-2 -1.3209468295295597 4.5675016463473437)
(-1 -1 4.5)
(-0.19259360628815955 -0.46074923652936667 4.5452349948247219)
(-0.003302823485533072 -0.49996389781154771 4.5448464489425282)
(0.18698441857652068 -0.46337249767047123 4.5433683660384121)
(1 -1 4.5)
(1.9999999999959504 -1.3209564768654634 4.5675002099240531)
(-2 -0.65432036338371113 4.5694424798870514)
(-0.46075885245751286 -0.19257237270122943 4.545184899713913)
(-0.35354298522863387 -0.35352500395967923 4.5451974971428966)
(0.34975937553413172 -0.35703876303104598 4.5408792586882285)
(0.45997341993257385 -0.19563210277769166 4.5385362879135576)
(1.999999999905985 -0.65433700859463784 4.5694414228285183)
(-2 -1.0899240622340248e-06 4.5686875742338504)
(-0.49996434196513145 -0.003264439710202282 4.5447490910927639)
(0.49996911028305469 -0.003469480443958521 4.5374816126819857)
(1.9999999997804399 -1.7532636973443007e-05 4.5686877241319612)
(-2 0.65432111444353613 4.5694424089378503)
(-0.46334707273591053 0.18704621480271738 4.5432377017893266)
(-0.35696076225363171 0.34983799319404918 4.5407327894390663)
(0.35363798325985746 0.3534463178693143 4.5377882136113641)
(0.46242464020584256 0.18960205561752766 4.5375864146846947)
(1.999999999889339 0.65430377361727732 4.5694436323037895)
(-2 1.3209473324264316 4.5675016007550573)
(-1 1 4.5)
(-0.19547930969768978 0.46003747341323969 4.5383959497964081)
(-0.0032510954810205362 0.49996983893830493 4.5373705033968159)
(0.18984904848612283 0.4623228024350502 4.5375243101430254)
(1 1 4.5)
(1.9999999999950617 1.3209366926556134 4.5675030707989315)
(-2 2 4.5459895082603179)
(-1.3209555362289445 1.9999999999959492 4.5675002251615231)
(-0.65433542845568216 1.9999999999059104 4.5694412518225809)
(-1.8638343410670011e-05 1.9999999997802527 4.568687393643339)
(0.65430549863712484 1.999999999889243 4.5694433607303315)
(1.3209380523252692 1.999999999995056 4.5675029285251298)
(2 2 4.5459895082603179)
(-2 -2 5.1128106008532335)
(-1.322748717694767 -2 5.1309551160212115)
(-0.65613122949594838 -2 5.132424385785284)
(-4.67400070766715e-06 -2 5.1313426198999172)
(0.65612621725232567 -2 5.1324245795120822)
(1.322746068777197 -2 5.1309553279269107)
(2 -2 5.1128106008532299)
(-2 -1.322747325652937 5.1309550520635865)
(-1 -1 5)
(-0.19184577206332815 -0.45985985530892798 5.1288193877559571)
(-0.0022271384554394323 -0.49898180859722191 5.1309265217914568)
(0.18678208616249553 -0.4623262544727566 5.1269357936211488)
(1 -1 5)
(1.9999999988829955 -1.3227700382878356 5.130952482031252)
(-2 -0.65612839037512005 5.1324239177235782)
(-0.45988615513069059 -0.1918222528953234 5.1287884811714735)
(-0.3525945410280793 -0.35257271828461195 5.1285180343324459)
(0.34913876424981249 -0.35647381974168124 5.1185436594634206)
(0.45922702743160121 -0.19578655542875001 5.1105152358890606)
(1.9999999932443613 -0.65616763736594907 5.1324220013191493)
(-2 -1.513322114952181e-06 5.1313417345490482)
(-0.49898144890483359 -0.0021583439559247938 5.130871358937517)
(0.49933337702875813 -0.0040152705925122255 5.1082521382645174)
(1.9999999878705252 -4.3827522599038973e-05 5.1313422428495725)
(-2 0.65612895564040297 5.1324238544604359)
(-0.46226043016473672 0.18693210592711743 5.1268714114198675)
(-0.35625581090427461 0.3493568731884798 5.1184455893113965)
(0.35311832116268599 0.3524302523981418 5.1146643367075519)
(0.46191562657816299 0.18868728664835904 5.1125685630121209)
(1.9999999919563329 0.6560881225054479 5.1324263589686714)
(-2 1.3227476820355168 5.1309550526389422)
(-1 1 5)
(-0.19531941077940407 0.45941305215849076 5.1104347198587146)
(-0.0033265391221180282 0.49932156155416874 5.1082003902053543)
(0.18948752653814985 0.46156400384803398 5.112529181064672)
(1 1 5)
(1.9999999986113344 1.3227228927908106 5.1309577660325232)
(-2 2 5.1128106008532335)
(-1.3227684690506158 1.9999999988821022 5.1309524493092331)
(-0.65616508639526394 1.9999999932387582 5.1324215491562954)
(-4.4607367143134438e-05 1.9999999878601582 5.1313413756768442)
(0.65609069101271866 1.9999999919494669 5.1324256545286087)
(1.3227248137478631 1.9999999986101034 5.1309574706211016)
(2 2 5.1128106008532317)
(-2 -2 5.7059243853253978)
(-1.3249847740814573 -2 5.7265254689674867)
(-0.65826409404737907 -2 5.7276689086727242)
(-4.7077644451039662e-06 -2 5.7265570155244196)
(0.65825897297910785 -2 5.7276690151546781)
(1.3249820911871377 -2 5.7265255936906714)
(2 -2 5.7059243853253969)
(-2 -1.3249836208756898 5.7265251912055737)
(-1 -1 5.5)
(-0.18427832935489064 -0.44369315119126457 5.7914604469637858)
(0.012461108525241004 -0.48517027088398418 5.79509861130646)
(0.17357655981117059 -0.44766956091912846 5.7894150008717649)
(1 -1 5.5)
(1.9999999377625164 -1.3250317504153764 5.7265218935276101)
(-2 -0.6582613086885033 5.7276680689434487)
(-0.4437249996619152 -0.18424555482015895 5.7914498041629381)
(-0.34071010674369451 -0.34068671016545499 5.7673041232996125)
(0.34147905071268048 -0.34540529569771106 5.7694172329870748)
(0.44848970041668745 -0.20008342887437428 5.731263994556234)
(1.9999998223336846 -0.65834516225247897 5.7276646685280825)
(-2 -1.6576073067746337e-06 5.7265557146697876)
(-0.48514502428143275 0.012544222650802322 5.7951528560468715)
(0.49138864905876273 -9.6114576405008584e-05 5.7326758762280114)
(1.9999997200681643 -9.8376868829618569e-05 5.7265564534851512)
(-2 0.65826152542861327 5.7276679944745696)
(-0.44756021313771233 0.17375555234401679 5.7894510091735629)
(-0.34497375656846985 0.34186063959567453 5.7696920032665586)
(0.34073203407816666 0.33852391143460264 5.7784455285766994)
(0.45008947002347388 0.18158888061824288 5.7594395282674764)
(1.999999786149117 0.65817342552441782 5.7276721777599446)
(-2 1.3249834518985042 5.7265252445510342)
(-1 1 5.5)
(-0.19911322343828161 0.44886759504235479 5.7313495517779938)
(0.0017096453027279504 0.49111602917273145 5.7324607409642381)
(0.18328931193736356 0.44908237369885912 5.7601354334780748)
(1 1 5.5)
(1.999999922281672 1.324929577743057 5.7265288162088197)
(-2 2 5.7059243853253969)
(-1.3250288415820648 1.9999999377088167 5.7265217768007961)
(-0.65833993391217072 1.9999998221782669 5.7276640488199364)
(-9.5837027604271486e-05 1.9999997198285093 5.7265551787135882)
(0.65817873948511918 1.9999997859695899 5.7276710046165222)
(1.3249330891325211 1.9999999222159723 5.7265283268364318)
(2 2 5.7059243853253969)
(-2 -2 6.3456586671406852)
(-1.326832864067508 -2 6.353791985191747)
(-0.65987493604847081 -2 6.3540488223547245)
(-3.345479927513408e-06 -2 6.3533246436658368)
(0.65987148475043267 -2 6.3540488171746938)
(1.3268310934800966 -2 6.3537919667240468)
(2 -2 6.3456586671406834)
(-2 -1.326831824508192 6.3537917638207961)
(-1 -1 6)
(-0.065127395587504938 -0.3669386022372747 6.5)
(0.017192365172052762 -0.38514400732135334 6.5)
(0.15958747389692485 -0.3511559713491168 6.5)
(1 -1 6)
(1.9999984297657671 -1.3269412739641397 6.3537888306822277)
(-2 -0.65987315912134936 6.354048154083312)
(-0.36694219548125695 -0.065089689206941748 6.5)
(-0.31903100386088951 -0.31900300853374036 6.3434100820594912)
(0.22545663597099327 -0.32605187838835342 6.5)
(0.42101522251613621 -0.20182543247583717 6.3041364431574154)
(1.9999982947150476 -0.66000825059830925 6.3540454966716355)
(-2 -1.349216210434244e-06 6.3533236684141725)
(-0.38513958434401063 0.017248743149761325 6.5)
(0.46573669026163772 0.0050252500284523969 6.3011688345774655)
(1.9999961333819742 -0.0002321446660470037 6.3533240960220771)
(-2 0.65987317056320871 6.3540480949105902)
(-0.35095732577461403 0.15955243721463808 6.5)
(-0.3259137755268452 0.22537539463075482 6.5)
(0.25527253752568047 0.25274509091386921 6.5)
(0.34484989852806558 0.19194373451851374 6.5)
(1.999997936278312 0.6597295891418512 6.3540511343030657)
(-2 1.3268320559359372 6.3537917132361583)
(-1 1 6)
(-0.2004556483478841 0.42120347607607389 6.3045920936226407)
(0.0081191802441353128 0.46485926241925296 6.3014386079280609)
(0.19680679888641167 0.34058894828890296 6.5)
(1 1 6)
(1.9999980375313107 1.3267026411361655 6.3537947005646451)
(-2 2 6.3456586671406852)
(-1.3269336219564072 1.9999984284100647 6.3537888436830166)
(-0.65999932059746313 1.9999982931953604 6.3540450700370821)
(-0.000219078908608834 1.9999961300517117 6.3533231480703725)
(0.65973904028744101 1.9999979345458201 6.3540502342122256)
(1.3267116482655812 1.9999980358354628 6.3537942381637604)
(2 2 6.3456586671406843)
(-2 -2 7)
(-1.327039920119722 -2 7)
(-0.65787502136428055 -2 7)
(4.4408920985006262e-16 -2 7)
(0.65787502136427956 -2 7)
(1.3270399201197225 -2 7)
(2 -2 7)
(-2 -1.327039920119722 7)
(-0.77953157410216156 -0.77979578438425312 6.9320534607838642)
(-0.18765279627141118 -0.33135207790228938 6.5)
(-0.03500136930234328 -0.67154132872216399 6.937381218036955)
(0.35631950616314617 -0.66608660167709688 6.992747451724572)
(1.0878447880872588 -0.97583261154532397 6.9961535881343639)
(1.9999799360293729 -1.3273619796704863 7)
(-2 -0.65787502136427944 7)
(-0.3313677142049255 -0.18761119102391788 6.5)
(-0.2603261835994804 -0.26030739796760355 6.5)
(0.3357496635429818 -0.21607025788824644 6.5)
(0.36018571494382401 -0.15938206393371651 6.5)
(2 -0.65787510013266104 7)
(-2 4.4408920985006262e-16 7)
(-0.671450120819023 -0.03496284924210484 6.9373594524377271)
(0.40050731516877369 -0.011362084593114129 6.5)
(1.9999548560660889 -0.0007247565992826166 7)
(-2 0.65787502136428044 7)
(-0.66490505256735921 0.3559299452565392 6.9924787912169739)
(-0.21483438557789031 0.3351426033376228 6.5)
(0.23080757725455747 0.23303643500952553 7)
(0.691939143709833 0.25313631931341707 7)
(2 0.65787510013266104 7)
(-2 1.3270399201197225 7)
(-0.97552164460375623 1.0877713168900518 6.9960928896000016)
(-0.15861586882131787 0.3594475761242818 6.5)
(-0.0080628439382611078 0.3982989633018465 6.5)
(0.25381445593547625 0.69193224643071805 7)
(0.89548119118713365 0.89588390793532469 6.9863168137576244)
(1.9999749200367161 1.3266372230712036 7)
(-2 2 7)
(-1.3273389423449169 1.9999799186705787 7)
(-0.65787510013266126 2 7)
(-0.00067292261675155896 1.999954817008802 7)
(0.65787510013266082 2 7)
(1.3266660197281654 1.9999748983382233 7)
(2 2 7)
(0.35224147137443179 -1.2754085720035278 -6.5183358253461074)
(0.18045862341973617 -1.2288284374699832 -6.1903889656977169)
(0.51207258435437375 -0.51613986011540713 -6.1156347605862473)
(0.35250371829602917 -1.2588196321972107 -5.787656253548259)
(-1.2754171810079467 0.35222407431813951 -6.5183361938334823)
(-1.2288352458544003 0.18042297138770513 -6.1903891417487307)
(-0.51615897496046792 0.51205243827346636 -6.1156486114278632)
(-1.2589152295970683 0.35242393288135104 -5.7877203944327187)
(0.77815575281563554 0.59473713503612324 -6.4667649815226476)
(0.59785232669024768 0.77507847577993738 -6.4666372604093736)
(1.2028028103185173 0.34943456968640235 -6.487727415984649)
(1.3573483731856029 0.18357359568300041 -6.0751928356624347)
(0.35188744631521929 1.2002774293973213 -6.4879025964791879)
(0.1842645853068226 1.3538273189262875 -6.0749695847690974)
(1.2421371232327161 0.35018663000738792 -5.7892021248262973)
(0.3512183659981305 1.2411391767287892 -5.7893039254214811)
(0.35242465879427082 -1.2589148526707044 5.7877204153356541)
(0.18042491094360363 -1.2288351078605264 6.1903891231245298)
(0.51205317755986834 -0.51615842354247843 6.1156487025405983)
(0.35222487503349181 -1.2754168304625799 6.5183361609311206)
(-1.2588142582540141 0.35251408110324761 5.7876565521530665)
(-1.2288259800096102 0.18047848891865603 6.1903887922739038)
(-0.51613198986695141 0.51208313506511105 6.1156360607395053)
(-1.2754432960530353 0.3523525736839308 6.5183228790902552)
(1.2421224172630114 0.35021449555648992 5.7892034452709629)
(1.3572666635413262 0.18359114268782226 6.0751870587897168)
(0.35120234224106761 1.2411668750905185 5.7893009177900483)
(0.18425279959669411 1.3538955119545797 6.07497331503113)
(0.77812234068336961 0.59481543796943626 6.4667618832833824)
(0.5978179681610174 0.77515611644625459 6.4666428678311814)
(1.2027706676136403 0.34949832366527206 6.4877288774029545)
(0.35185518356426299 1.2003410466402651 6.4878968533133436)
(-0.16556168809260569 -1.2754151071501594 -6.532544364393341)
(-1.2754131798847297 -0.16558220785966246 -6.5325443643933419)
(-0.48256533198371898 -0.48258756777887613 -6.3125)
(0.19755314440536603 -1.3046505228967522 -6.5469079706190554)
(0.6608911919410303 -1.3833821164304623 -6.5298393095069773)
(0.51077194203726739 -0.5299488279948058 -6.4016169220243695)
(0.19541841550577976 -1.2395919748455879 -5.8874924950936265)
(0.66521906645919904 -1.3544743414140632 -5.7852282788527329)
(0.49825635523391237 -0.50739521585356495 -5.8459308331913284)
(-1.3046565710175992 0.19753192132557068 -6.5469080250728933)
(-1.3833867886293845 0.66088186751575562 -6.5298393504500192)
(-0.52995747919088554 0.51075936055561333 -6.4016259316660031)
(-1.2396180778547055 0.19535167573784393 -5.8875179696891484)
(-1.3545017837929361 0.66516761418506853 -5.7852630844693751)
(-0.50739931950682893 0.49822465310623759 -5.8460336469843153)
(0.5566629724339105 0.55154589580170532 -6.4933402241932017)
(1.2844585931009063 0.19362351821592599 -6.4818876841528548)
(1.2790787918800344 0.64771604375368164 -6.5204710357723981)
(0.19491572878197991 1.2828588207654339 -6.4818828771129855)
(0.64954028453264956 1.2772337466526893 -6.520475781710525)
(1.246585960012824 0.19128977872707481 -5.8153069715887078)
(1.3453901363269596 0.66402101532881064 -5.785331003185874)
(0.19188441543073234 1.245711695697723 -5.8152948265591169)
(0.6646049461524498 1.3448099597834382 -5.7853423143631373)
(-0.16558109945973928 -1.2754135659415278 6.5325443643933419)
(-1.2754189378938479 -0.16554955476540367 6.5325443643933419)
(-0.48258703628612531 -0.48256543896708654 6.3125)
(0.19535332143713163 -1.23961791609259 5.8875325540809182)
(0.66516803349232223 -1.3545015917988907 5.785263086792976)
(0.49822507389945359 -0.50739910812480593 5.8460336571094267)
(0.1975330671537672 -1.3046564817082313 6.5469080199202381)
(0.66088229513440266 -1.3833865995665533 6.5298393467942013)
(0.51075978134883138 -0.52995726780887087 6.4016259417896784)
(-1.2395908081229579 0.19542898214305873 5.8874775003551516)
(-1.3544716018026941 0.66522505129959564 5.7852283120314594)
(-0.50739219887493592 0.49826236095248688 5.8459309776524471)
(-1.304671089768362 0.19761998098658581 6.5469066586510891)
(-1.3834020525457644 0.66095299332144697 6.529837871034105)
(-0.52996403141033122 0.51082257101782569 6.4016170664857537)
(1.2465696940597271 0.1913056580281684 5.8153065259480803)
(1.3453811418951049 0.6640367093294901 5.7853311499024009)
(0.19187501018890774 1.2457326229789933 5.8152948988217812)
(0.6645958054071035 1.3448256353150392 5.7853419801814256)
(0.55659637171181942 0.55168013065326105 6.4933404751114567)
(1.2844349164966058 0.19365703600019743 6.4818872526081979)
(1.2790596559178096 0.647761618794228 6.5204708720903026)
(0.19489871343713341 1.2828969536355932 6.4818826758226056)
(0.64952076340111609 1.2772788465544243 6.5204757681361212)
)
