FoamFile
{
    version     2.0;
    format      ascii;
    class       faceList;
    location    "constant/polyMesh";
    object      faces;
}
// * * * * * * * * * * * * * * * * * * * * * * * * * * * * * * * * * //

2416
(
4(1 8 52 45)
4(7 51 52 8)
4(44 45 52 51)
4(2 9 53 46)
4(8 52 53 9)
4(45 46 53 52)
4(3 10 54 47)
4(46 47 54 53)
4(8 15 59 52)
4(14 58 59 15)
4(51 52 59 58)
4(20 64 65 21)
4(58 59 65 64)
4(52 53 60 59)
4(45 52 96 89)
4(51 95 96 52)
4(88 89 96 95)
4(89 96 140 133)
4(95 139 140 96)
4(132 133 140 139)
4(46 53 97 90)
4(52 96 97 53)
4(89 90 97 96)
4(47 54 98 91)
4(90 91 98 97)
4(90 97 141 134)
4(96 140 141 97)
4(133 134 141 140)
4(91 98 142 135)
4(134 135 142 141)
4(52 59 103 96)
4(58 102 103 59)
4(95 96 103 102)
4(64 108 109 65)
4(102 103 109 108)
4(96 103 147 140)
4(102 146 147 103)
4(139 140 147 146)
4(108 152 153 109)
4(146 147 153 152)
4(96 97 104 103)
4(140 141 148 147)
4(133 140 184 177)
4(139 183 184 140)
4(176 177 184 183)
4(177 184 228 221)
4(183 227 228 184)
4(220 221 228 227)
4(134 141 185 178)
4(140 184 185 141)
4(177 178 185 184)
4(135 142 186 179)
4(178 179 186 185)
4(178 185 229 222)
4(184 228 229 185)
4(221 222 229 228)
4(179 186 230 223)
4(222 223 230 229)
4(140 147 191 184)
4(146 190 191 147)
4(183 184 191 190)
4(152 196 197 153)
4(190 191 197 196)
4(184 191 235 228)
4(190 234 235 191)
4(227 228 235 234)
4(196 240 241 197)
4(234 235 241 240)
4(184 185 192 191)
4(228 229 236 235)
4(221 228 272 265)
4(227 271 272 228)
4(264 265 272 271)
4(265 272 316 309)
4(271 315 316 272)
4(308 309 316 315)
4(222 229 273 266)
4(228 272 273 229)
4(265 266 273 272)
4(223 230 274 267)
4(266 267 274 273)
4(266 273 317 310)
4(272 316 317 273)
4(309 310 317 316)
4(267 274 318 311)
4(310 311 318 317)
4(228 235 279 272)
4(234 278 279 235)
4(271 272 279 278)
4(240 284 285 241)
4(278 279 285 284)
4(272 279 323 316)
4(278 322 323 279)
4(315 316 323 322)
4(284 328 329 285)
4(322 323 329 328)
4(272 273 280 279)
4(316 317 324 323)
4(309 316 360 353)
4(315 359 360 316)
4(352 353 360 359)
4(353 360 404 397)
4(359 403 404 360)
4(396 397 404 403)
4(310 317 361 354)
4(316 360 361 317)
4(353 354 361 360)
4(311 318 362 355)
4(354 355 362 361)
4(354 361 405 398)
4(360 404 405 361)
4(397 398 405 404)
4(355 362 406 399)
4(398 399 406 405)
4(316 323 367 360)
4(322 366 367 323)
4(359 360 367 366)
4(328 372 373 329)
4(366 367 373 372)
4(360 367 411 404)
4(366 410 411 367)
4(403 404 411 410)
4(372 416 417 373)
4(410 411 417 416)
4(360 361 368 367)
4(404 405 412 411)
4(397 404 448 441)
4(403 447 448 404)
4(440 441 448 447)
4(441 448 492 485)
4(447 491 492 448)
4(484 485 492 491)
4(398 405 449 442)
4(404 448 449 405)
4(441 442 449 448)
4(399 406 450 443)
4(442 443 450 449)
4(442 449 493 486)
4(448 492 493 449)
4(485 486 493 492)
4(443 450 494 487)
4(486 487 494 493)
4(404 411 455 448)
4(410 454 455 411)
4(447 448 455 454)
4(416 460 461 417)
4(454 455 461 460)
4(448 455 499 492)
4(454 498 499 455)
4(491 492 499 498)
4(460 504 505 461)
4(498 499 505 504)
4(448 449 456 455)
4(492 493 500 499)
4(485 492 536 529)
4(491 535 536 492)
4(528 529 536 535)
4(529 536 580 573)
4(535 579 580 536)
4(572 573 580 579)
4(486 493 537 530)
4(492 536 537 493)
4(529 530 537 536)
4(487 494 538 531)
4(530 531 538 537)
4(530 537 581 574)
4(536 580 581 537)
4(573 574 581 580)
4(531 538 582 575)
4(574 575 582 581)
4(492 499 543 536)
4(498 542 543 499)
4(535 536 543 542)
4(504 548 549 505)
4(542 543 549 548)
4(536 543 587 580)
4(542 586 587 543)
4(579 580 587 586)
4(548 592 593 549)
4(586 587 593 592)
4(536 537 544 543)
4(580 581 588 587)
4(4 11 55 48)
4(47 48 55 54)
4(5 12 56 49)
4(11 55 56 12)
4(48 49 56 55)
4(12 56 57 13)
4(49 50 57 56)
4(12 18 62 56)
4(55 56 62 61)
4(18 62 63 19)
4(56 57 63 62)
4(22 66 67 23)
4(62 63 67 66)
4(48 55 99 92)
4(91 92 99 98)
4(49 56 100 93)
4(55 99 100 56)
4(92 93 100 99)
4(92 99 143 136)
4(135 136 143 142)
4(93 100 144 137)
4(99 143 144 100)
4(136 137 144 143)
4(56 100 101 57)
4(93 94 101 100)
4(100 144 145 101)
4(137 138 145 144)
4(56 62 106 100)
4(99 100 106 105)
4(100 106 150 144)
4(143 144 150 149)
4(62 106 107 63)
4(100 101 107 106)
4(66 110 111 67)
4(106 107 111 110)
4(106 150 151 107)
4(144 145 151 150)
4(110 154 155 111)
4(150 151 155 154)
4(136 143 187 180)
4(179 180 187 186)
4(137 144 188 181)
4(143 187 188 144)
4(180 181 188 187)
4(180 187 231 224)
4(223 224 231 230)
4(181 188 232 225)
4(187 231 232 188)
4(224 225 232 231)
4(144 188 189 145)
4(181 182 189 188)
4(188 232 233 189)
4(225 226 233 232)
4(144 150 194 188)
4(187 188 194 193)
4(188 194 238 232)
4(231 232 238 237)
4(150 194 195 151)
4(188 189 195 194)
4(154 198 199 155)
4(194 195 199 198)
4(194 238 239 195)
4(232 233 239 238)
4(198 242 243 199)
4(238 239 243 242)
4(224 231 275 268)
4(267 268 275 274)
4(225 232 276 269)
4(231 275 276 232)
4(268 269 276 275)
4(268 275 319 312)
4(311 312 319 318)
4(269 276 320 313)
4(275 319 320 276)
4(312 313 320 319)
4(232 276 277 233)
4(269 270 277 276)
4(276 320 321 277)
4(313 314 321 320)
4(232 238 282 276)
4(275 276 282 281)
4(276 282 326 320)
4(319 320 326 325)
4(238 282 283 239)
4(276 277 283 282)
4(242 286 287 243)
4(282 283 287 286)
4(282 326 327 283)
4(320 321 327 326)
4(286 330 331 287)
4(326 327 331 330)
4(312 319 363 356)
4(355 356 363 362)
4(313 320 364 357)
4(319 363 364 320)
4(356 357 364 363)
4(356 363 407 400)
4(399 400 407 406)
4(357 364 408 401)
4(363 407 408 364)
4(400 401 408 407)
4(320 364 365 321)
4(357 358 365 364)
4(364 408 409 365)
4(401 402 409 408)
4(320 326 370 364)
4(363 364 370 369)
4(364 370 414 408)
4(407 408 414 413)
4(326 370 371 327)
4(364 365 371 370)
4(330 374 375 331)
4(370 371 375 374)
4(370 414 415 371)
4(408 409 415 414)
4(374 418 419 375)
4(414 415 419 418)
4(400 407 451 444)
4(443 444 451 450)
4(401 408 452 445)
4(407 451 452 408)
4(444 445 452 451)
4(444 451 495 488)
4(487 488 495 494)
4(445 452 496 489)
4(451 495 496 452)
4(488 489 496 495)
4(408 452 453 409)
4(445 446 453 452)
4(452 496 497 453)
4(489 490 497 496)
4(408 414 458 452)
4(451 452 458 457)
4(452 458 502 496)
4(495 496 502 501)
4(414 458 459 415)
4(452 453 459 458)
4(418 462 463 419)
4(458 459 463 462)
4(458 502 503 459)
4(496 497 503 502)
4(462 506 507 463)
4(502 503 507 506)
4(488 495 539 532)
4(531 532 539 538)
4(489 496 540 533)
4(495 539 540 496)
4(532 533 540 539)
4(532 539 583 576)
4(575 576 583 582)
4(533 540 584 577)
4(539 583 584 540)
4(576 577 584 583)
4(496 540 541 497)
4(533 534 541 540)
4(540 584 585 541)
4(577 578 585 584)
4(496 502 546 540)
4(539 540 546 545)
4(540 546 590 584)
4(583 584 590 589)
4(502 546 547 503)
4(540 541 547 546)
4(506 550 551 507)
4(546 547 551 550)
4(546 590 591 547)
4(584 585 591 590)
4(550 594 595 551)
4(590 591 595 594)
4(24 68 69 25)
4(64 65 69 68)
4(25 31 75 69)
4(30 74 75 31)
4(68 69 75 74)
4(31 75 76 32)
4(69 70 76 75)
4(31 38 82 75)
4(74 75 82 81)
4(32 39 83 76)
4(75 76 83 82)
4(33 40 84 77)
4(76 77 84 83)
4(68 112 113 69)
4(108 109 113 112)
4(69 75 119 113)
4(74 118 119 75)
4(112 113 119 118)
4(112 156 157 113)
4(152 153 157 156)
4(113 119 163 157)
4(118 162 163 119)
4(156 157 163 162)
4(75 119 120 76)
4(113 114 120 119)
4(119 163 164 120)
4(157 158 164 163)
4(75 82 126 119)
4(118 119 126 125)
4(119 126 170 163)
4(162 163 170 169)
4(76 83 127 120)
4(119 120 127 126)
4(77 84 128 121)
4(120 121 128 127)
4(120 127 171 164)
4(163 164 171 170)
4(121 128 172 165)
4(164 165 172 171)
4(156 200 201 157)
4(196 197 201 200)
4(157 163 207 201)
4(162 206 207 163)
4(200 201 207 206)
4(200 244 245 201)
4(240 241 245 244)
4(201 207 251 245)
4(206 250 251 207)
4(244 245 251 250)
4(163 207 208 164)
4(201 202 208 207)
4(207 251 252 208)
4(245 246 252 251)
4(163 170 214 207)
4(206 207 214 213)
4(207 214 258 251)
4(250 251 258 257)
4(164 171 215 208)
4(207 208 215 214)
4(165 172 216 209)
4(208 209 216 215)
4(208 215 259 252)
4(251 252 259 258)
4(209 216 260 253)
4(252 253 260 259)
4(244 288 289 245)
4(284 285 289 288)
4(245 251 295 289)
4(250 294 295 251)
4(288 289 295 294)
4(288 332 333 289)
4(328 329 333 332)
4(289 295 339 333)
4(294 338 339 295)
4(332 333 339 338)
4(251 295 296 252)
4(289 290 296 295)
4(295 339 340 296)
4(333 334 340 339)
4(251 258 302 295)
4(294 295 302 301)
4(295 302 346 339)
4(338 339 346 345)
4(252 259 303 296)
4(295 296 303 302)
4(253 260 304 297)
4(296 297 304 303)
4(296 303 347 340)
4(339 340 347 346)
4(297 304 348 341)
4(340 341 348 347)
4(332 376 377 333)
4(372 373 377 376)
4(333 339 383 377)
4(338 382 383 339)
4(376 377 383 382)
4(376 420 421 377)
4(416 417 421 420)
4(377 383 427 421)
4(382 426 427 383)
4(420 421 427 426)
4(339 383 384 340)
4(377 378 384 383)
4(383 427 428 384)
4(421 422 428 427)
4(339 346 390 383)
4(382 383 390 389)
4(383 390 434 427)
4(426 427 434 433)
4(340 347 391 384)
4(383 384 391 390)
4(341 348 392 385)
4(384 385 392 391)
4(384 391 435 428)
4(427 428 435 434)
4(385 392 436 429)
4(428 429 436 435)
4(420 464 465 421)
4(460 461 465 464)
4(421 427 471 465)
4(426 470 471 427)
4(464 465 471 470)
4(464 508 509 465)
4(504 505 509 508)
4(465 471 515 509)
4(470 514 515 471)
4(508 509 515 514)
4(427 471 472 428)
4(465 466 472 471)
4(471 515 516 472)
4(509 510 516 515)
4(427 434 478 471)
4(470 471 478 477)
4(471 478 522 515)
4(514 515 522 521)
4(428 435 479 472)
4(471 472 479 478)
4(429 436 480 473)
4(472 473 480 479)
4(472 479 523 516)
4(515 516 523 522)
4(473 480 524 517)
4(516 517 524 523)
4(508 552 553 509)
4(548 549 553 552)
4(509 515 559 553)
4(514 558 559 515)
4(552 553 559 558)
4(552 596 597 553)
4(592 593 597 596)
4(553 559 603 597)
4(558 602 603 559)
4(596 597 603 602)
4(515 559 560 516)
4(553 554 560 559)
4(559 603 604 560)
4(597 598 604 603)
4(515 522 566 559)
4(558 559 566 565)
4(559 566 610 603)
4(602 603 610 609)
4(516 523 567 560)
4(559 560 567 566)
4(517 524 568 561)
4(560 561 568 567)
4(560 567 611 604)
4(603 604 611 610)
4(561 568 612 605)
4(604 605 612 611)
4(28 35 79 72)
4(34 78 79 35)
4(71 72 79 78)
4(28 72 73 29)
4(66 67 73 72)
4(35 79 80 36)
4(72 73 80 79)
4(34 41 85 78)
4(77 78 85 84)
4(35 42 86 79)
4(78 79 86 85)
4(79 80 87 86)
4(72 79 123 116)
4(78 122 123 79)
4(115 116 123 122)
4(116 123 167 160)
4(122 166 167 123)
4(159 160 167 166)
4(72 116 117 73)
4(110 111 117 116)
4(79 123 124 80)
4(116 117 124 123)
4(116 160 161 117)
4(154 155 161 160)
4(123 167 168 124)
4(160 161 168 167)
4(78 85 129 122)
4(121 122 129 128)
4(79 86 130 123)
4(122 123 130 129)
4(122 129 173 166)
4(165 166 173 172)
4(123 130 174 167)
4(166 167 174 173)
4(123 124 131 130)
4(167 168 175 174)
4(160 167 211 204)
4(166 210 211 167)
4(203 204 211 210)
4(204 211 255 248)
4(210 254 255 211)
4(247 248 255 254)
4(160 204 205 161)
4(198 199 205 204)
4(167 211 212 168)
4(204 205 212 211)
4(204 248 249 205)
4(242 243 249 248)
4(211 255 256 212)
4(248 249 256 255)
4(166 173 217 210)
4(209 210 217 216)
4(167 174 218 211)
4(210 211 218 217)
4(210 217 261 254)
4(253 254 261 260)
4(211 218 262 255)
4(254 255 262 261)
4(211 212 219 218)
4(255 256 263 262)
4(248 255 299 292)
4(254 298 299 255)
4(291 292 299 298)
4(292 299 343 336)
4(298 342 343 299)
4(335 336 343 342)
4(248 292 293 249)
4(286 287 293 292)
4(255 299 300 256)
4(292 293 300 299)
4(292 336 337 293)
4(330 331 337 336)
4(299 343 344 300)
4(336 337 344 343)
4(254 261 305 298)
4(297 298 305 304)
4(255 262 306 299)
4(298 299 306 305)
4(298 305 349 342)
4(341 342 349 348)
4(299 306 350 343)
4(342 343 350 349)
4(299 300 307 306)
4(343 344 351 350)
4(336 343 387 380)
4(342 386 387 343)
4(379 380 387 386)
4(380 387 431 424)
4(386 430 431 387)
4(423 424 431 430)
4(336 380 381 337)
4(374 375 381 380)
4(343 387 388 344)
4(380 381 388 387)
4(380 424 425 381)
4(418 419 425 424)
4(387 431 432 388)
4(424 425 432 431)
4(342 349 393 386)
4(385 386 393 392)
4(343 350 394 387)
4(386 387 394 393)
4(386 393 437 430)
4(429 430 437 436)
4(387 394 438 431)
4(430 431 438 437)
4(387 388 395 394)
4(431 432 439 438)
4(424 431 475 468)
4(430 474 475 431)
4(467 468 475 474)
4(468 475 519 512)
4(474 518 519 475)
4(511 512 519 518)
4(424 468 469 425)
4(462 463 469 468)
4(431 475 476 432)
4(468 469 476 475)
4(468 512 513 469)
4(506 507 513 512)
4(475 519 520 476)
4(512 513 520 519)
4(430 437 481 474)
4(473 474 481 480)
4(431 438 482 475)
4(474 475 482 481)
4(474 481 525 518)
4(517 518 525 524)
4(475 482 526 519)
4(518 519 526 525)
4(475 476 483 482)
4(519 520 527 526)
4(512 519 563 556)
4(518 562 563 519)
4(555 556 563 562)
4(556 563 607 600)
4(562 606 607 563)
4(599 600 607 606)
4(512 556 557 513)
4(550 551 557 556)
4(519 563 564 520)
4(556 557 564 563)
4(556 600 601 557)
4(594 595 601 600)
4(563 607 608 564)
4(600 601 608 607)
4(518 525 569 562)
4(561 562 569 568)
4(519 526 570 563)
4(562 563 570 569)
4(562 569 613 606)
4(605 606 613 612)
4(563 570 614 607)
4(606 607 614 613)
4(563 564 571 570)
4(607 608 615 614)
4(573 580 624 617)
4(579 623 624 580)
4(616 617 624 623)
4(617 624 668 661)
4(623 667 668 624)
4(660 661 668 667)
4(574 581 625 618)
4(580 624 625 581)
4(617 618 625 624)
4(575 582 626 619)
4(618 619 626 625)
4(618 625 669 662)
4(624 668 669 625)
4(661 662 669 668)
4(619 626 670 663)
4(662 663 670 669)
4(580 587 631 624)
4(586 630 631 587)
4(623 624 631 630)
4(592 636 637 593)
4(630 631 637 636)
4(624 631 675 668)
4(630 674 675 631)
4(667 668 675 674)
4(636 680 681 637)
4(674 675 681 680)
4(624 625 632 631)
4(668 669 676 675)
4(661 668 712 705)
4(667 711 712 668)
4(704 705 712 711)
4(705 712 756 749)
4(711 755 756 712)
4(748 749 756 755)
4(662 669 713 706)
4(668 712 713 669)
4(705 706 713 712)
4(663 670 714 707)
4(706 707 714 713)
4(706 713 757 750)
4(712 756 757 713)
4(749 750 757 756)
4(707 714 758 751)
4(750 751 758 757)
4(668 675 719 712)
4(674 718 719 675)
4(711 712 719 718)
4(680 724 725 681)
4(718 719 725 724)
4(712 719 763 756)
4(718 762 763 719)
4(755 756 763 762)
4(724 768 769 725)
4(762 763 769 768)
4(712 713 720 719)
4(756 757 764 763)
4(749 756 800 793)
4(755 799 800 756)
4(792 793 800 799)
4(793 800 844 837)
4(799 843 844 800)
4(836 837 844 843)
4(750 757 801 794)
4(756 800 801 757)
4(793 794 801 800)
4(751 758 802 795)
4(794 795 802 801)
4(794 801 845 838)
4(800 844 845 801)
4(837 838 845 844)
4(795 802 846 839)
4(838 839 846 845)
4(756 763 807 800)
4(762 806 807 763)
4(799 800 807 806)
4(768 812 813 769)
4(806 807 813 812)
4(800 807 851 844)
4(806 850 851 807)
4(843 844 851 850)
4(812 856 857 813)
4(850 851 857 856)
4(800 801 808 807)
4(844 845 852 851)
4(837 844 888 881)
4(843 887 888 844)
4(880 881 888 887)
4(881 888 932 925)
4(887 931 932 888)
4(924 925 932 931)
4(838 845 889 882)
4(844 888 889 845)
4(881 882 889 888)
4(839 846 890 883)
4(882 883 890 889)
4(882 889 933 926)
4(888 932 933 889)
4(925 926 933 932)
4(883 890 934 927)
4(926 927 934 933)
4(844 851 895 888)
4(850 894 895 851)
4(887 888 895 894)
4(856 900 901 857)
4(894 895 901 900)
4(888 895 939 932)
4(894 938 939 895)
4(931 932 939 938)
4(900 944 945 901)
4(938 939 945 944)
4(888 889 896 895)
4(932 933 940 939)
4(925 932 976 969)
4(931 975 976 932)
4(968 969 976 975)
4(969 976 1020 1013)
4(975 1019 1020 976)
4(1012 1013 1020 1019)
4(926 933 977 970)
4(932 976 977 933)
4(969 970 977 976)
4(927 934 978 971)
4(970 971 978 977)
4(970 977 1021 1014)
4(976 1020 1021 977)
4(1013 1014 1021 1020)
4(971 978 1022 1015)
4(1014 1015 1022 1021)
4(932 939 983 976)
4(938 982 983 939)
4(975 976 983 982)
4(944 988 989 945)
4(982 983 989 988)
4(976 983 1027 1020)
4(982 1026 1027 983)
4(1019 1020 1027 1026)
4(988 1032 1033 989)
4(1026 1027 1033 1032)
4(976 977 984 983)
4(1020 1021 1028 1027)
4(1013 1020 1064 1057)
4(1019 1063 1064 1020)
4(1056 1057 1064 1063)
4(1057 1064 1108 1101)
4(1063 1107 1108 1064)
4(1100 1101 1108 1107)
4(1014 1021 1065 1058)
4(1020 1064 1065 1021)
4(1057 1058 1065 1064)
4(1015 1022 1066 1059)
4(1058 1059 1066 1065)
4(1058 1065 1109 1102)
4(1064 1108 1109 1065)
4(1101 1102 1109 1108)
4(1059 1066 1110 1103)
4(1102 1103 1110 1109)
4(1020 1027 1071 1064)
4(1026 1070 1071 1027)
4(1063 1064 1071 1070)
4(1032 1076 1077 1033)
4(1070 1071 1077 1076)
4(1064 1071 1115 1108)
4(1070 1114 1115 1071)
4(1107 1108 1115 1114)
4(1076 1120 1121 1077)
4(1114 1115 1121 1120)
4(1064 1065 1072 1071)
4(1108 1109 1116 1115)
4(1101 1108 1152 1145)
4(1107 1151 1152 1108)
4(1102 1109 1153 1146)
4(1108 1152 1153 1109)
4(1103 1110 1154 1147)
4(1108 1115 1159 1152)
4(1114 1158 1159 1115)
4(1120 1164 1165 1121)
4(576 583 627 620)
4(619 620 627 626)
4(577 584 628 621)
4(583 627 628 584)
4(620 621 628 627)
4(620 627 671 664)
4(663 664 671 670)
4(621 628 672 665)
4(627 671 672 628)
4(664 665 672 671)
4(584 628 629 585)
4(621 622 629 628)
4(628 672 673 629)
4(665 666 673 672)
4(584 590 634 628)
4(627 628 634 633)
4(628 634 678 672)
4(671 672 678 677)
4(590 634 635 591)
4(628 629 635 634)
4(594 638 639 595)
4(634 635 639 638)
4(634 678 679 635)
4(672 673 679 678)
4(638 682 683 639)
4(678 679 683 682)
4(664 671 715 708)
4(707 708 715 714)
4(665 672 716 709)
4(671 715 716 672)
4(708 709 716 715)
4(708 715 759 752)
4(751 752 759 758)
4(709 716 760 753)
4(715 759 760 716)
4(752 753 760 759)
4(672 716 717 673)
4(709 710 717 716)
4(716 760 761 717)
4(753 754 761 760)
4(672 678 722 716)
4(715 716 722 721)
4(716 722 766 760)
4(759 760 766 765)
4(678 722 723 679)
4(716 717 723 722)
4(682 726 727 683)
4(722 723 727 726)
4(722 766 767 723)
4(760 761 767 766)
4(726 770 771 727)
4(766 767 771 770)
4(752 759 803 796)
4(795 796 803 802)
4(753 760 804 797)
4(759 803 804 760)
4(796 797 804 803)
4(796 803 847 840)
4(839 840 847 846)
4(797 804 848 841)
4(803 847 848 804)
4(840 841 848 847)
4(760 804 805 761)
4(797 798 805 804)
4(804 848 849 805)
4(841 842 849 848)
4(760 766 810 804)
4(803 804 810 809)
4(804 810 854 848)
4(847 848 854 853)
4(766 810 811 767)
4(804 805 811 810)
4(770 814 815 771)
4(810 811 815 814)
4(810 854 855 811)
4(848 849 855 854)
4(814 858 859 815)
4(854 855 859 858)
4(840 847 891 884)
4(883 884 891 890)
4(841 848 892 885)
4(847 891 892 848)
4(884 885 892 891)
4(884 891 935 928)
4(927 928 935 934)
4(885 892 936 929)
4(891 935 936 892)
4(928 929 936 935)
4(848 892 893 849)
4(885 886 893 892)
4(892 936 937 893)
4(929 930 937 936)
4(848 854 898 892)
4(891 892 898 897)
4(892 898 942 936)
4(935 936 942 941)
4(854 898 899 855)
4(892 893 899 898)
4(858 902 903 859)
4(898 899 903 902)
4(898 942 943 899)
4(936 937 943 942)
4(902 946 947 903)
4(942 943 947 946)
4(928 935 979 972)
4(971 972 979 978)
4(929 936 980 973)
4(935 979 980 936)
4(972 973 980 979)
4(972 979 1023 1016)
4(1015 1016 1023 1022)
4(973 980 1024 1017)
4(979 1023 1024 980)
4(1016 1017 1024 1023)
4(936 980 981 937)
4(973 974 981 980)
4(980 1024 1025 981)
4(1017 1018 1025 1024)
4(936 942 986 980)
4(979 980 986 985)
4(980 986 1030 1024)
4(1023 1024 1030 1029)
4(942 986 987 943)
4(980 981 987 986)
4(946 990 991 947)
4(986 987 991 990)
4(986 1030 1031 987)
4(1024 1025 1031 1030)
4(990 1034 1035 991)
4(1030 1031 1035 1034)
4(1016 1023 1067 1060)
4(1059 1060 1067 1066)
4(1017 1024 1068 1061)
4(1023 1067 1068 1024)
4(1060 1061 1068 1067)
4(1060 1067 1111 1104)
4(1103 1104 1111 1110)
4(1061 1068 1112 1105)
4(1067 1111 1112 1068)
4(1104 1105 1112 1111)
4(1024 1068 1069 1025)
4(1061 1062 1069 1068)
4(1068 1112 1113 1069)
4(1105 1106 1113 1112)
4(1024 1030 1074 1068)
4(1067 1068 1074 1073)
4(1068 1074 1118 1112)
4(1111 1112 1118 1117)
4(1030 1074 1075 1031)
4(1068 1069 1075 1074)
4(1034 1078 1079 1035)
4(1074 1075 1079 1078)
4(1074 1118 1119 1075)
4(1112 1113 1119 1118)
4(1078 1122 1123 1079)
4(1118 1119 1123 1122)
4(1104 1111 1155 1148)
4(1105 1112 1156 1149)
4(1111 1155 1156 1112)
4(1112 1156 1157 1113)
4(1112 1118 1162 1156)
4(1118 1162 1163 1119)
4(1122 1166 1167 1123)
4(596 640 641 597)
4(636 637 641 640)
4(597 603 647 641)
4(602 646 647 603)
4(640 641 647 646)
4(640 684 685 641)
4(680 681 685 684)
4(641 647 691 685)
4(646 690 691 647)
4(684 685 691 690)
4(603 647 648 604)
4(641 642 648 647)
4(647 691 692 648)
4(685 686 692 691)
4(603 610 654 647)
4(646 647 654 653)
4(647 654 698 691)
4(690 691 698 697)
4(604 611 655 648)
4(647 648 655 654)
4(605 612 656 649)
4(648 649 656 655)
4(648 655 699 692)
4(691 692 699 698)
4(649 656 700 693)
4(692 693 700 699)
4(684 728 729 685)
4(724 725 729 728)
4(685 691 735 729)
4(690 734 735 691)
4(728 729 735 734)
4(728 772 773 729)
4(768 769 773 772)
4(729 735 779 773)
4(734 778 779 735)
4(772 773 779 778)
4(691 735 736 692)
4(729 730 736 735)
4(735 779 780 736)
4(773 774 780 779)
4(691 698 742 735)
4(734 735 742 741)
4(735 742 786 779)
4(778 779 786 785)
4(692 699 743 736)
4(735 736 743 742)
4(693 700 744 737)
4(736 737 744 743)
4(736 743 787 780)
4(779 780 787 786)
4(737 744 788 781)
4(780 781 788 787)
4(772 816 817 773)
4(812 813 817 816)
4(773 779 823 817)
4(778 822 823 779)
4(816 817 823 822)
4(816 860 861 817)
4(856 857 861 860)
4(817 823 867 861)
4(822 866 867 823)
4(860 861 867 866)
4(779 823 824 780)
4(817 818 824 823)
4(823 867 868 824)
4(861 862 868 867)
4(779 786 830 823)
4(822 823 830 829)
4(823 830 874 867)
4(866 867 874 873)
4(780 787 831 824)
4(823 824 831 830)
4(781 788 832 825)
4(824 825 832 831)
4(824 831 875 868)
4(867 868 875 874)
4(825 832 876 869)
4(868 869 876 875)
4(860 904 905 861)
4(900 901 905 904)
4(861 867 911 905)
4(866 910 911 867)
4(904 905 911 910)
4(904 948 949 905)
4(944 945 949 948)
4(905 911 955 949)
4(910 954 955 911)
4(948 949 955 954)
4(867 911 912 868)
4(905 906 912 911)
4(911 955 956 912)
4(949 950 956 955)
4(867 874 918 911)
4(910 911 918 917)
4(911 918 962 955)
4(954 955 962 961)
4(868 875 919 912)
4(911 912 919 918)
4(869 876 920 913)
4(912 913 920 919)
4(912 919 963 956)
4(955 956 963 962)
4(913 920 964 957)
4(956 957 964 963)
4(948 992 993 949)
4(988 989 993 992)
4(949 955 999 993)
4(954 998 999 955)
4(992 993 999 998)
4(992 1036 1037 993)
4(1032 1033 1037 1036)
4(993 999 1043 1037)
4(998 1042 1043 999)
4(1036 1037 1043 1042)
4(955 999 1000 956)
4(993 994 1000 999)
4(999 1043 1044 1000)
4(1037 1038 1044 1043)
4(955 962 1006 999)
4(998 999 1006 1005)
4(999 1006 1050 1043)
4(1042 1043 1050 1049)
4(956 963 1007 1000)
4(999 1000 1007 1006)
4(957 964 1008 1001)
4(1000 1001 1008 1007)
4(1000 1007 1051 1044)
4(1043 1044 1051 1050)
4(1001 1008 1052 1045)
4(1044 1045 1052 1051)
4(1036 1080 1081 1037)
4(1076 1077 1081 1080)
4(1037 1043 1087 1081)
4(1042 1086 1087 1043)
4(1080 1081 1087 1086)
4(1080 1124 1125 1081)
4(1120 1121 1125 1124)
4(1081 1087 1131 1125)
4(1086 1130 1131 1087)
4(1124 1125 1131 1130)
4(1043 1087 1088 1044)
4(1081 1082 1088 1087)
4(1087 1131 1132 1088)
4(1125 1126 1132 1131)
4(1043 1050 1094 1087)
4(1086 1087 1094 1093)
4(1087 1094 1138 1131)
4(1130 1131 1138 1137)
4(1044 1051 1095 1088)
4(1087 1088 1095 1094)
4(1045 1052 1096 1089)
4(1088 1089 1096 1095)
4(1088 1095 1139 1132)
4(1131 1132 1139 1138)
4(1089 1096 1140 1133)
4(1132 1133 1140 1139)
4(1124 1168 1169 1125)
4(1125 1131 1175 1169)
4(1130 1174 1175 1131)
4(1131 1175 1176 1132)
4(1131 1138 1182 1175)
4(1132 1139 1183 1176)
4(1133 1140 1184 1177)
4(600 607 651 644)
4(606 650 651 607)
4(643 644 651 650)
4(644 651 695 688)
4(650 694 695 651)
4(687 688 695 694)
4(600 644 645 601)
4(638 639 645 644)
4(607 651 652 608)
4(644 645 652 651)
4(644 688 689 645)
4(682 683 689 688)
4(651 695 696 652)
4(688 689 696 695)
4(606 613 657 650)
4(649 650 657 656)
4(607 614 658 651)
4(650 651 658 657)
4(650 657 701 694)
4(693 694 701 700)
4(651 658 702 695)
4(694 695 702 701)
4(651 652 659 658)
4(695 696 703 702)
4(688 695 739 732)
4(694 738 739 695)
4(731 732 739 738)
4(732 739 783 776)
4(738 782 783 739)
4(775 776 783 782)
4(688 732 733 689)
4(726 727 733 732)
4(695 739 740 696)
4(732 733 740 739)
4(732 776 777 733)
4(770 771 777 776)
4(739 783 784 740)
4(776 777 784 783)
4(694 701 745 738)
4(737 738 745 744)
4(695 702 746 739)
4(738 739 746 745)
4(738 745 789 782)
4(781 782 789 788)
4(739 746 790 783)
4(782 783 790 789)
4(739 740 747 746)
4(783 784 791 790)
4(776 783 827 820)
4(782 826 827 783)
4(819 820 827 826)
4(820 827 871 864)
4(826 870 871 827)
4(863 864 871 870)
4(776 820 821 777)
4(814 815 821 820)
4(783 827 828 784)
4(820 821 828 827)
4(820 864 865 821)
4(858 859 865 864)
4(827 871 872 828)
4(864 865 872 871)
4(782 789 833 826)
4(825 826 833 832)
4(783 790 834 827)
4(826 827 834 833)
4(826 833 877 870)
4(869 870 877 876)
4(827 834 878 871)
4(870 871 878 877)
4(827 828 835 834)
4(871 872 879 878)
4(864 871 915 908)
4(870 914 915 871)
4(907 908 915 914)
4(908 915 959 952)
4(914 958 959 915)
4(951 952 959 958)
4(864 908 909 865)
4(902 903 909 908)
4(871 915 916 872)
4(908 909 916 915)
4(908 952 953 909)
4(946 947 953 952)
4(915 959 960 916)
4(952 953 960 959)
4(870 877 921 914)
4(913 914 921 920)
4(871 878 922 915)
4(914 915 922 921)
4(914 921 965 958)
4(957 958 965 964)
4(915 922 966 959)
4(958 959 966 965)
4(915 916 923 922)
4(959 960 967 966)
4(952 959 1003 996)
4(958 1002 1003 959)
4(995 996 1003 1002)
4(996 1003 1047 1040)
4(1002 1046 1047 1003)
4(1039 1040 1047 1046)
4(952 996 997 953)
4(990 991 997 996)
4(959 1003 1004 960)
4(996 997 1004 1003)
4(996 1040 1041 997)
4(1034 1035 1041 1040)
4(1003 1047 1048 1004)
4(1040 1041 1048 1047)
4(958 965 1009 1002)
4(1001 1002 1009 1008)
4(959 966 1010 1003)
4(1002 1003 1010 1009)
4(1002 1009 1053 1046)
4(1045 1046 1053 1052)
4(1003 1010 1054 1047)
4(1046 1047 1054 1053)
4(1003 1004 1011 1010)
4(1047 1048 1055 1054)
4(1040 1047 1091 1084)
4(1046 1090 1091 1047)
4(1083 1084 1091 1090)
4(1084 1091 1135 1128)
4(1090 1134 1135 1091)
4(1127 1128 1135 1134)
4(1040 1084 1085 1041)
4(1078 1079 1085 1084)
4(1047 1091 1092 1048)
4(1084 1085 1092 1091)
4(1084 1128 1129 1085)
4(1122 1123 1129 1128)
4(1091 1135 1136 1092)
4(1128 1129 1136 1135)
4(1046 1053 1097 1090)
4(1089 1090 1097 1096)
4(1047 1054 1098 1091)
4(1090 1091 1098 1097)
4(1090 1097 1141 1134)
4(1133 1134 1141 1140)
4(1091 1098 1142 1135)
4(1134 1135 1142 1141)
4(1091 1092 1099 1098)
4(1135 1136 1143 1142)
4(1128 1135 1179 1172)
4(1134 1178 1179 1135)
4(1128 1172 1173 1129)
4(1135 1179 1180 1136)
4(1134 1141 1185 1178)
4(1135 1142 1186 1179)
4(757 801 802 758)
4(801 845 846 802)
4(763 769 813 807)
4(9 16 60 53)
4(15 59 60 16)
4(807 813 857 851)
4(757 764 808 801)
4(763 807 808 764)
4(801 808 852 845)
4(807 851 852 808)
4(53 97 98 54)
4(97 141 142 98)
4(59 65 109 103)
4(845 889 890 846)
4(103 109 153 147)
4(53 60 104 97)
4(59 103 104 60)
4(97 104 148 141)
4(103 147 148 104)
4(889 933 934 890)
4(851 857 901 895)
4(141 185 186 142)
4(895 901 945 939)
4(185 229 230 186)
4(845 852 896 889)
4(851 895 896 852)
4(889 896 940 933)
4(895 939 940 896)
4(147 153 197 191)
4(191 197 241 235)
4(141 148 192 185)
4(147 191 192 148)
4(185 192 236 229)
4(191 235 236 192)
4(933 977 978 934)
4(229 273 274 230)
4(977 1021 1022 978)
4(273 317 318 274)
4(939 945 989 983)
4(235 241 285 279)
4(279 285 329 323)
4(229 236 280 273)
4(983 989 1033 1027)
4(235 279 280 236)
4(273 280 324 317)
4(933 940 984 977)
4(939 983 984 940)
4(279 323 324 280)
4(977 984 1028 1021)
4(983 1027 1028 984)
4(317 361 362 318)
4(361 405 406 362)
4(1021 1065 1066 1022)
4(323 329 373 367)
4(367 373 417 411)
4(1065 1109 1110 1066)
4(317 324 368 361)
4(323 367 368 324)
4(361 368 412 405)
4(367 411 412 368)
4(1027 1033 1077 1071)
4(1071 1077 1121 1115)
4(405 449 450 406)
4(1021 1028 1072 1065)
4(1027 1071 1072 1028)
4(1065 1072 1116 1109)
4(1071 1115 1116 1072)
4(449 493 494 450)
4(411 417 461 455)
4(455 461 505 499)
4(405 412 456 449)
4(1109 1116 1160 1153)
4(1115 1159 1160 1116)
4(411 455 456 412)
4(582 626 627 583)
4(449 456 500 493)
4(455 499 500 456)
4(626 670 671 627)
4(493 537 538 494)
4(537 581 582 538)
4(583 627 633 589)
4(589 633 634 590)
4(499 505 549 543)
4(627 671 677 633)
4(633 677 678 634)
4(543 549 593 587)
4(493 500 544 537)
4(590 634 638 594)
4(499 543 544 500)
4(537 544 588 581)
4(543 587 588 544)
4(634 678 682 638)
4(670 714 715 671)
4(714 758 759 715)
4(17 61 62 18)
4(18 62 66 22)
4(671 715 721 677)
4(54 98 99 55)
4(677 721 722 678)
4(715 759 765 721)
4(721 765 766 722)
4(98 142 143 99)
4(678 722 726 682)
4(55 99 105 61)
4(722 766 770 726)
4(61 105 106 62)
4(99 143 149 105)
4(105 149 150 106)
4(758 802 803 759)
4(62 106 110 66)
4(106 150 154 110)
4(802 846 847 803)
4(142 186 187 143)
4(186 230 231 187)
4(759 803 809 765)
4(765 809 810 766)
4(803 847 853 809)
4(809 853 854 810)
4(143 187 193 149)
4(149 193 194 150)
4(187 231 237 193)
4(766 810 814 770)
4(193 237 238 194)
4(150 194 198 154)
4(810 854 858 814)
4(194 238 242 198)
4(846 890 891 847)
4(230 274 275 231)
4(274 318 319 275)
4(890 934 935 891)
4(231 275 281 237)
4(237 281 282 238)
4(275 319 325 281)
4(847 891 897 853)
4(281 325 326 282)
4(853 897 898 854)
4(891 935 941 897)
4(238 282 286 242)
4(897 941 942 898)
4(282 326 330 286)
4(854 898 902 858)
4(318 362 363 319)
4(898 942 946 902)
4(362 406 407 363)
4(934 978 979 935)
4(319 363 369 325)
4(978 1022 1023 979)
4(325 369 370 326)
4(363 407 413 369)
4(369 413 414 370)
4(326 370 374 330)
4(370 414 418 374)
4(935 979 985 941)
4(941 985 986 942)
4(979 1023 1029 985)
4(406 450 451 407)
4(985 1029 1030 986)
4(450 494 495 451)
4(942 986 990 946)
4(986 1030 1034 990)
4(407 451 457 413)
4(413 457 458 414)
4(1022 1066 1067 1023)
4(451 495 501 457)
4(457 501 502 458)
4(414 458 462 418)
4(1066 1110 1111 1067)
4(458 502 506 462)
4(494 538 539 495)
4(538 582 583 539)
4(1023 1067 1073 1029)
4(1029 1073 1074 1030)
4(1067 1111 1117 1073)
4(1073 1117 1118 1074)
4(495 539 545 501)
4(1030 1074 1078 1034)
4(501 545 546 502)
4(539 583 589 545)
4(545 589 590 546)
4(1074 1118 1122 1078)
4(502 546 550 506)
4(546 590 594 550)
4(1117 1161 1162 1118)
4(1118 1162 1166 1122)
4(593 597 641 637)
4(26 32 76 70)
4(637 641 685 681)
4(32 33 77 76)
4(598 604 648 642)
4(597 598 642 641)
4(642 648 692 686)
4(641 642 686 685)
4(65 69 113 109)
4(109 113 157 153)
4(70 76 120 114)
4(69 70 114 113)
4(114 120 164 158)
4(604 605 649 648)
4(113 114 158 157)
4(648 649 693 692)
4(681 685 729 725)
4(76 77 121 120)
4(120 121 165 164)
4(725 729 773 769)
4(153 157 201 197)
4(686 692 736 730)
4(685 686 730 729)
4(197 201 245 241)
4(730 736 780 774)
4(729 730 774 773)
4(158 164 208 202)
4(157 158 202 201)
4(202 208 252 246)
4(201 202 246 245)
4(692 693 737 736)
4(164 165 209 208)
4(208 209 253 252)
4(736 737 781 780)
4(769 773 817 813)
4(241 245 289 285)
4(285 289 333 329)
4(813 817 861 857)
4(246 252 296 290)
4(245 246 290 289)
4(290 296 340 334)
4(289 290 334 333)
4(774 780 824 818)
4(773 774 818 817)
4(818 824 868 862)
4(817 818 862 861)
4(252 253 297 296)
4(296 297 341 340)
4(780 781 825 824)
4(329 333 377 373)
4(373 377 421 417)
4(824 825 869 868)
4(857 861 905 901)
4(334 340 384 378)
4(333 334 378 377)
4(378 384 428 422)
4(377 378 422 421)
4(901 905 949 945)
4(340 341 385 384)
4(862 868 912 906)
4(861 862 906 905)
4(906 912 956 950)
4(905 906 950 949)
4(384 385 429 428)
4(417 421 465 461)
4(461 465 509 505)
4(422 428 472 466)
4(868 869 913 912)
4(421 422 466 465)
4(466 472 516 510)
4(465 466 510 509)
4(912 913 957 956)
4(945 949 993 989)
4(428 429 473 472)
4(989 993 1037 1033)
4(472 473 517 516)
4(505 509 553 549)
4(950 956 1000 994)
4(949 950 994 993)
4(994 1000 1044 1038)
4(993 994 1038 1037)
4(549 553 597 593)
4(510 516 560 554)
4(509 510 554 553)
4(554 560 604 598)
4(553 554 598 597)
4(956 957 1001 1000)
4(516 517 561 560)
4(1000 1001 1045 1044)
4(1033 1037 1081 1077)
4(560 561 605 604)
4(1077 1081 1125 1121)
4(22 66 72 28)
4(1038 1044 1088 1082)
4(1037 1038 1082 1081)
4(33 34 78 77)
4(1082 1088 1132 1126)
4(1081 1082 1126 1125)
4(71 115 122 78)
4(71 72 116 115)
4(115 159 166 122)
4(1044 1045 1089 1088)
4(115 116 160 159)
4(66 110 116 72)
4(1088 1089 1133 1132)
4(110 154 160 116)
4(77 78 122 121)
4(1126 1132 1176 1170)
4(121 122 166 165)
4(1132 1133 1177 1176)
4(599 643 650 606)
4(599 600 644 643)
4(643 687 694 650)
4(643 644 688 687)
4(159 203 210 166)
4(594 638 644 600)
4(159 160 204 203)
4(203 247 254 210)
4(203 204 248 247)
4(154 198 204 160)
4(638 682 688 644)
4(198 242 248 204)
4(605 606 650 649)
4(165 166 210 209)
4(209 210 254 253)
4(649 650 694 693)
4(687 731 738 694)
4(687 688 732 731)
4(247 291 298 254)
4(247 248 292 291)
4(731 775 782 738)
4(291 335 342 298)
4(731 732 776 775)
4(291 292 336 335)
4(242 286 292 248)
4(682 726 732 688)
4(286 330 336 292)
4(726 770 776 732)
4(253 254 298 297)
4(297 298 342 341)
4(693 694 738 737)
4(737 738 782 781)
4(335 379 386 342)
4(335 336 380 379)
4(379 423 430 386)
4(775 819 826 782)
4(379 380 424 423)
4(775 776 820 819)
4(330 374 380 336)
4(819 863 870 826)
4(819 820 864 863)
4(374 418 424 380)
4(770 814 820 776)
4(341 342 386 385)
4(814 858 864 820)
4(385 386 430 429)
4(781 782 826 825)
4(423 467 474 430)
4(423 424 468 467)
4(825 826 870 869)
4(467 511 518 474)
4(467 468 512 511)
4(418 462 468 424)
4(863 907 914 870)
4(462 506 512 468)
4(863 864 908 907)
4(907 951 958 914)
4(429 430 474 473)
4(907 908 952 951)
4(858 902 908 864)
4(473 474 518 517)
4(902 946 952 908)
4(511 555 562 518)
4(511 512 556 555)
4(869 870 914 913)
4(555 599 606 562)
4(555 556 600 599)
4(506 550 556 512)
4(913 914 958 957)
4(550 594 600 556)
4(517 518 562 561)
4(951 995 1002 958)
4(951 952 996 995)
4(561 562 606 605)
4(995 1039 1046 1002)
4(995 996 1040 1039)
4(946 990 996 952)
4(990 1034 1040 996)
4(957 958 1002 1001)
4(581 625 626 582)
4(625 669 670 626)
4(1001 1002 1046 1045)
4(587 593 637 631)
4(1039 1083 1090 1046)
4(631 637 681 675)
4(1039 1040 1084 1083)
4(581 588 632 625)
4(587 631 632 588)
4(1083 1127 1134 1090)
4(625 632 676 669)
4(1083 1084 1128 1127)
4(631 675 676 632)
4(1034 1078 1084 1040)
4(1078 1122 1128 1084)
4(669 713 714 670)
4(713 757 758 714)
4(1045 1046 1090 1089)
4(675 681 725 719)
4(1089 1090 1134 1133)
4(719 725 769 763)
4(669 676 720 713)
4(675 719 720 676)
4(713 720 764 757)
4(719 763 764 720)
4(1122 1166 1172 1128)
4(1133 1134 1178 1177)
4(0 7 8 1)
4(1 8 9 2)
4(9 53 54 10)
4(2 9 10 3)
4(7 14 15 8)
4(15 21 65 59)
4(14 20 21 15)
4(8 15 16 9)
4(1144 1145 1152 1151)
4(1145 1146 1153 1152)
4(1109 1153 1154 1110)
4(1146 1147 1154 1153)
4(1151 1152 1159 1158)
4(1115 1121 1165 1159)
4(1158 1159 1165 1164)
4(1152 1153 1160 1159)
4(10 54 55 11)
4(3 10 11 4)
4(4 11 12 5)
4(5 12 13 6)
4(11 55 61 17)
4(11 17 18 12)
4(12 18 19 13)
4(18 22 23 19)
4(1110 1154 1155 1111)
4(1147 1148 1155 1154)
4(1148 1149 1156 1155)
4(1149 1150 1157 1156)
4(1111 1155 1161 1117)
4(21 25 69 65)
4(1155 1156 1162 1161)
4(20 24 25 21)
4(1156 1157 1163 1162)
4(1162 1163 1167 1166)
4(24 30 31 25)
4(25 26 70 69)
4(25 31 32 26)
4(30 37 38 31)
4(31 38 39 32)
4(32 39 40 33)
4(27 71 78 34)
4(27 28 72 71)
4(27 34 35 28)
4(22 28 29 23)
4(28 35 36 29)
4(33 40 41 34)
4(34 41 42 35)
4(35 42 43 36)
4(1121 1125 1169 1165)
4(1164 1165 1169 1168)
4(1168 1169 1175 1174)
4(1125 1126 1170 1169)
4(1169 1170 1176 1175)
4(1174 1175 1182 1181)
4(1175 1176 1183 1182)
4(1176 1177 1184 1183)
4(1127 1171 1178 1134)
4(1127 1128 1172 1171)
4(1171 1172 1179 1178)
4(1166 1167 1173 1172)
4(1172 1173 1180 1179)
4(1177 1178 1185 1184)
4(1178 1179 1186 1185)
4(1179 1180 1187 1186)
4(0 44 51 7)
4(7 51 58 14)
4(755 799 806 762)
4(14 58 64 20)
4(762 806 812 768)
4(799 843 850 806)
4(44 88 95 51)
4(806 850 856 812)
4(88 132 139 95)
4(836 880 887 843)
4(880 924 931 887)
4(51 95 102 58)
4(58 102 108 64)
4(95 139 146 102)
4(102 146 152 108)
4(132 176 183 139)
4(843 887 894 850)
4(176 220 227 183)
4(850 894 900 856)
4(887 931 938 894)
4(894 938 944 900)
4(139 183 190 146)
4(146 190 196 152)
4(924 968 975 931)
4(183 227 234 190)
4(190 234 240 196)
4(968 1012 1019 975)
4(220 264 271 227)
4(264 308 315 271)
4(931 975 982 938)
4(227 271 278 234)
4(234 278 284 240)
4(938 982 988 944)
4(271 315 322 278)
4(975 1019 1026 982)
4(278 322 328 284)
4(982 1026 1032 988)
4(308 352 359 315)
4(1012 1056 1063 1019)
4(352 396 403 359)
4(1056 1100 1107 1063)
4(315 359 366 322)
4(322 366 372 328)
4(359 403 410 366)
4(366 410 416 372)
4(1019 1063 1070 1026)
4(1026 1070 1076 1032)
4(396 440 447 403)
4(1063 1107 1114 1070)
4(440 484 491 447)
4(1070 1114 1120 1076)
4(1100 1144 1151 1107)
4(403 447 454 410)
4(410 454 460 416)
4(447 491 498 454)
4(1107 1151 1158 1114)
4(454 498 504 460)
4(1114 1158 1164 1120)
4(484 528 535 491)
4(528 572 579 535)
4(491 535 542 498)
4(498 542 548 504)
4(535 579 586 542)
4(542 586 592 548)
4(20 64 68 24)
4(24 68 74 30)
4(592 636 640 596)
4(596 640 646 602)
4(30 74 81 37)
4(636 680 684 640)
4(640 684 690 646)
4(64 108 112 68)
4(602 646 653 609)
4(68 112 118 74)
4(108 152 156 112)
4(646 690 697 653)
4(112 156 162 118)
4(74 118 125 81)
4(118 162 169 125)
4(680 724 728 684)
4(684 728 734 690)
4(724 768 772 728)
4(152 196 200 156)
4(728 772 778 734)
4(156 200 206 162)
4(196 240 244 200)
4(200 244 250 206)
4(690 734 741 697)
4(734 778 785 741)
4(162 206 213 169)
4(206 250 257 213)
4(768 812 816 772)
4(240 284 288 244)
4(772 816 822 778)
4(244 288 294 250)
4(284 328 332 288)
4(812 856 860 816)
4(288 332 338 294)
4(816 860 866 822)
4(250 294 301 257)
4(294 338 345 301)
4(778 822 829 785)
4(822 866 873 829)
4(328 372 376 332)
4(332 376 382 338)
4(372 416 420 376)
4(376 420 426 382)
4(856 900 904 860)
4(860 904 910 866)
4(338 382 389 345)
4(900 944 948 904)
4(382 426 433 389)
4(904 948 954 910)
4(866 910 917 873)
4(416 460 464 420)
4(910 954 961 917)
4(420 464 470 426)
4(460 504 508 464)
4(464 508 514 470)
4(426 470 477 433)
4(944 988 992 948)
4(470 514 521 477)
4(948 992 998 954)
4(988 1032 1036 992)
4(992 1036 1042 998)
4(504 548 552 508)
4(508 552 558 514)
4(548 592 596 552)
4(552 596 602 558)
4(954 998 1005 961)
4(998 1042 1049 1005)
4(514 558 565 521)
4(558 602 609 565)
4(1032 1076 1080 1036)
4(1036 1080 1086 1042)
4(1076 1120 1124 1080)
4(1080 1124 1130 1086)
4(1042 1086 1093 1049)
4(1086 1130 1137 1093)
4(1120 1164 1168 1124)
4(1124 1168 1174 1130)
4(1130 1174 1181 1137)
4(572 616 623 579)
4(616 660 667 623)
4(579 623 630 586)
4(586 630 636 592)
4(623 667 674 630)
4(630 674 680 636)
4(660 704 711 667)
4(704 748 755 711)
4(667 711 718 674)
4(674 718 724 680)
4(711 755 762 718)
4(718 762 768 724)
4(748 792 799 755)
4(792 836 843 799)
4(578 585 629 622)
4(622 629 673 666)
4(585 591 635 629)
4(591 595 639 635)
4(629 635 679 673)
4(635 639 683 679)
4(6 13 57 50)
4(13 19 63 57)
4(666 673 717 710)
4(19 23 67 63)
4(710 717 761 754)
4(673 679 723 717)
4(50 57 101 94)
4(679 683 727 723)
4(94 101 145 138)
4(717 723 767 761)
4(723 727 771 767)
4(57 63 107 101)
4(63 67 111 107)
4(101 107 151 145)
4(107 111 155 151)
4(754 761 805 798)
4(798 805 849 842)
4(138 145 189 182)
4(182 189 233 226)
4(761 767 811 805)
4(767 771 815 811)
4(145 151 195 189)
4(805 811 855 849)
4(151 155 199 195)
4(811 815 859 855)
4(189 195 239 233)
4(195 199 243 239)
4(226 233 277 270)
4(270 277 321 314)
4(842 849 893 886)
4(886 893 937 930)
4(233 239 283 277)
4(239 243 287 283)
4(849 855 899 893)
4(277 283 327 321)
4(855 859 903 899)
4(283 287 331 327)
4(893 899 943 937)
4(899 903 947 943)
4(314 321 365 358)
4(358 365 409 402)
4(321 327 371 365)
4(930 937 981 974)
4(327 331 375 371)
4(974 981 1025 1018)
4(365 371 415 409)
4(371 375 419 415)
4(937 943 987 981)
4(943 947 991 987)
4(402 409 453 446)
4(981 987 1031 1025)
4(446 453 497 490)
4(987 991 1035 1031)
4(409 415 459 453)
4(415 419 463 459)
4(453 459 503 497)
4(459 463 507 503)
4(1018 1025 1069 1062)
4(1062 1069 1113 1106)
4(490 497 541 534)
4(534 541 585 578)
4(1025 1031 1075 1069)
4(1031 1035 1079 1075)
4(1069 1075 1119 1113)
4(497 503 547 541)
4(1075 1079 1123 1119)
4(503 507 551 547)
4(541 547 591 585)
4(547 551 595 591)
4(1106 1113 1157 1150)
4(1113 1119 1163 1157)
4(1119 1123 1167 1163)
4(23 29 73 67)
4(29 36 80 73)
4(36 43 87 80)
4(67 73 117 111)
4(73 80 124 117)
4(111 117 161 155)
4(117 124 168 161)
4(80 87 131 124)
4(124 131 175 168)
4(595 601 645 639)
4(601 608 652 645)
4(639 645 689 683)
4(155 161 205 199)
4(161 168 212 205)
4(645 652 696 689)
4(199 205 249 243)
4(205 212 256 249)
4(168 175 219 212)
4(608 615 659 652)
4(652 659 703 696)
4(212 219 263 256)
4(683 689 733 727)
4(243 249 293 287)
4(249 256 300 293)
4(689 696 740 733)
4(287 293 337 331)
4(727 733 777 771)
4(293 300 344 337)
4(733 740 784 777)
4(256 263 307 300)
4(300 307 351 344)
4(696 703 747 740)
4(740 747 791 784)
4(331 337 381 375)
4(337 344 388 381)
4(375 381 425 419)
4(771 777 821 815)
4(381 388 432 425)
4(777 784 828 821)
4(815 821 865 859)
4(821 828 872 865)
4(344 351 395 388)
4(388 395 439 432)
4(784 791 835 828)
4(419 425 469 463)
4(828 835 879 872)
4(425 432 476 469)
4(463 469 513 507)
4(469 476 520 513)
4(859 865 909 903)
4(865 872 916 909)
4(432 439 483 476)
4(903 909 953 947)
4(476 483 527 520)
4(909 916 960 953)
4(507 513 557 551)
4(513 520 564 557)
4(551 557 601 595)
4(872 879 923 916)
4(557 564 608 601)
4(916 923 967 960)
4(520 527 571 564)
4(947 953 997 991)
4(564 571 615 608)
4(953 960 1004 997)
4(991 997 1041 1035)
4(997 1004 1048 1041)
4(960 967 1011 1004)
4(1004 1011 1055 1048)
4(1035 1041 1085 1079)
4(1041 1048 1092 1085)
4(1079 1085 1129 1123)
4(1085 1092 1136 1129)
4(1048 1055 1099 1092)
4(1092 1099 1143 1136)
4(1123 1129 1173 1167)
4(1129 1136 1180 1173)
4(1136 1143 1187 1180)
4(0 1 45 44)
4(750 751 795 794)
4(1 2 46 45)
4(793 794 838 837)
4(2 3 47 46)
4(794 795 839 838)
4(44 45 89 88)
4(88 89 133 132)
4(45 46 90 89)
4(46 47 91 90)
4(836 837 881 880)
4(89 90 134 133)
4(90 91 135 134)
4(880 881 925 924)
4(837 838 882 881)
4(838 839 883 882)
4(881 882 926 925)
4(882 883 927 926)
4(132 133 177 176)
4(176 177 221 220)
4(133 134 178 177)
4(134 135 179 178)
4(177 178 222 221)
4(178 179 223 222)
4(924 925 969 968)
4(968 969 1013 1012)
4(925 926 970 969)
4(220 221 265 264)
4(926 927 971 970)
4(264 265 309 308)
4(221 222 266 265)
4(969 970 1014 1013)
4(222 223 267 266)
4(265 266 310 309)
4(970 971 1015 1014)
4(266 267 311 310)
4(308 309 353 352)
4(1012 1013 1057 1056)
4(352 353 397 396)
4(309 310 354 353)
4(1056 1057 1101 1100)
4(310 311 355 354)
4(353 354 398 397)
4(1013 1014 1058 1057)
4(354 355 399 398)
4(1014 1015 1059 1058)
4(1057 1058 1102 1101)
4(1058 1059 1103 1102)
4(396 397 441 440)
4(440 441 485 484)
4(397 398 442 441)
4(398 399 443 442)
4(441 442 486 485)
4(442 443 487 486)
4(1100 1101 1145 1144)
4(1101 1102 1146 1145)
4(1102 1103 1147 1146)
4(575 576 620 619)
4(576 577 621 620)
4(484 485 529 528)
4(619 620 664 663)
4(528 529 573 572)
4(485 486 530 529)
4(620 621 665 664)
4(486 487 531 530)
4(577 578 622 621)
4(529 530 574 573)
4(530 531 575 574)
4(621 622 666 665)
4(3 4 48 47)
4(4 5 49 48)
4(663 664 708 707)
4(664 665 709 708)
4(5 6 50 49)
4(707 708 752 751)
4(708 709 753 752)
4(665 666 710 709)
4(709 710 754 753)
4(47 48 92 91)
4(48 49 93 92)
4(91 92 136 135)
4(92 93 137 136)
4(49 50 94 93)
4(93 94 138 137)
4(751 752 796 795)
4(752 753 797 796)
4(795 796 840 839)
4(135 136 180 179)
4(796 797 841 840)
4(136 137 181 180)
4(753 754 798 797)
4(179 180 224 223)
4(797 798 842 841)
4(180 181 225 224)
4(137 138 182 181)
4(181 182 226 225)
4(839 840 884 883)
4(223 224 268 267)
4(840 841 885 884)
4(224 225 269 268)
4(267 268 312 311)
4(883 884 928 927)
4(268 269 313 312)
4(884 885 929 928)
4(225 226 270 269)
4(841 842 886 885)
4(269 270 314 313)
4(885 886 930 929)
4(311 312 356 355)
4(312 313 357 356)
4(355 356 400 399)
4(356 357 401 400)
4(927 928 972 971)
4(313 314 358 357)
4(928 929 973 972)
4(357 358 402 401)
4(971 972 1016 1015)
4(972 973 1017 1016)
4(929 930 974 973)
4(973 974 1018 1017)
4(399 400 444 443)
4(400 401 445 444)
4(443 444 488 487)
4(444 445 489 488)
4(401 402 446 445)
4(445 446 490 489)
4(1015 1016 1060 1059)
4(1016 1017 1061 1060)
4(1059 1060 1104 1103)
4(1060 1061 1105 1104)
4(487 488 532 531)
4(1017 1018 1062 1061)
4(488 489 533 532)
4(1061 1062 1106 1105)
4(531 532 576 575)
4(532 533 577 576)
4(489 490 534 533)
4(533 534 578 577)
4(1103 1104 1148 1147)
4(1104 1105 1149 1148)
4(1105 1106 1150 1149)
4(37 81 82 38)
4(38 82 83 39)
4(39 83 84 40)
4(609 653 654 610)
4(653 697 698 654)
4(610 654 655 611)
4(611 655 656 612)
4(654 698 699 655)
4(81 125 126 82)
4(655 699 700 656)
4(125 169 170 126)
4(82 126 127 83)
4(83 127 128 84)
4(126 170 171 127)
4(127 171 172 128)
4(697 741 742 698)
4(741 785 786 742)
4(169 213 214 170)
4(698 742 743 699)
4(213 257 258 214)
4(170 214 215 171)
4(699 743 744 700)
4(171 215 216 172)
4(742 786 787 743)
4(214 258 259 215)
4(743 787 788 744)
4(215 259 260 216)
4(257 301 302 258)
4(301 345 346 302)
4(258 302 303 259)
4(785 829 830 786)
4(259 303 304 260)
4(829 873 874 830)
4(302 346 347 303)
4(786 830 831 787)
4(303 347 348 304)
4(787 831 832 788)
4(830 874 875 831)
4(831 875 876 832)
4(345 389 390 346)
4(389 433 434 390)
4(346 390 391 347)
4(347 391 392 348)
4(390 434 435 391)
4(391 435 436 392)
4(873 917 918 874)
4(917 961 962 918)
4(874 918 919 875)
4(875 919 920 876)
4(918 962 963 919)
4(919 963 964 920)
4(433 477 478 434)
4(477 521 522 478)
4(434 478 479 435)
4(435 479 480 436)
4(478 522 523 479)
4(479 523 524 480)
4(961 1005 1006 962)
4(1005 1049 1050 1006)
4(962 1006 1007 963)
4(521 565 566 522)
4(963 1007 1008 964)
4(565 609 610 566)
4(522 566 567 523)
4(1006 1050 1051 1007)
4(523 567 568 524)
4(1007 1051 1052 1008)
4(566 610 611 567)
4(567 611 612 568)
4(40 84 85 41)
4(41 85 86 42)
4(1049 1093 1094 1050)
4(42 86 87 43)
4(1093 1137 1138 1094)
4(1050 1094 1095 1051)
4(1051 1095 1096 1052)
4(1094 1138 1139 1095)
4(1095 1139 1140 1096)
4(84 128 129 85)
4(85 129 130 86)
4(1137 1181 1182 1138)
4(1138 1182 1183 1139)
4(128 172 173 129)
4(1139 1183 1184 1140)
4(129 173 174 130)
4(86 130 131 87)
4(130 174 175 131)
4(612 656 657 613)
4(172 216 217 173)
4(613 657 658 614)
4(173 217 218 174)
4(656 700 701 657)
4(216 260 261 217)
4(217 261 262 218)
4(657 701 702 658)
4(614 658 659 615)
4(174 218 219 175)
4(658 702 703 659)
4(218 262 263 219)
4(260 304 305 261)
4(261 305 306 262)
4(700 744 745 701)
4(304 348 349 305)
4(305 349 350 306)
4(701 745 746 702)
4(262 306 307 263)
4(744 788 789 745)
4(306 350 351 307)
4(745 789 790 746)
4(702 746 747 703)
4(746 790 791 747)
4(348 392 393 349)
4(349 393 394 350)
4(392 436 437 393)
4(393 437 438 394)
4(350 394 395 351)
4(788 832 833 789)
4(394 438 439 395)
4(789 833 834 790)
4(832 876 877 833)
4(833 877 878 834)
4(790 834 835 791)
4(834 878 879 835)
4(436 480 481 437)
4(437 481 482 438)
4(480 524 525 481)
4(481 525 526 482)
4(438 482 483 439)
4(482 526 527 483)
4(876 920 921 877)
4(877 921 922 878)
4(920 964 965 921)
4(921 965 966 922)
4(878 922 923 879)
4(922 966 967 923)
4(524 568 569 525)
4(525 569 570 526)
4(568 612 613 569)
4(569 613 614 570)
4(526 570 571 527)
4(570 614 615 571)
4(572 573 617 616)
4(616 617 661 660)
4(573 574 618 617)
4(574 575 619 618)
4(964 1008 1009 965)
4(617 618 662 661)
4(965 1009 1010 966)
4(618 619 663 662)
4(1008 1052 1053 1009)
4(1009 1053 1054 1010)
4(966 1010 1011 967)
4(1010 1054 1055 1011)
4(660 661 705 704)
4(704 705 749 748)
4(661 662 706 705)
4(662 663 707 706)
4(705 706 750 749)
4(706 707 751 750)
4(1052 1096 1097 1053)
4(1053 1097 1098 1054)
4(1096 1140 1141 1097)
4(1097 1141 1142 1098)
4(1054 1098 1099 1055)
4(1098 1142 1143 1099)
4(748 749 793 792)
4(792 793 837 836)
4(1140 1184 1185 1141)
4(749 750 794 793)
4(1141 1185 1186 1142)
4(1142 1186 1187 1143)
)
