/*--------------------------------*- C++ -*----------------------------------*\
| =========                 |                                                 |
| \\      /  F ield         | OpenFOAM: The Open Source CFD Toolbox           |
|  \\    /   O peration     | Version:  2412                                  |
|   \\  /    A nd           | Website:  www.openfoam.com                      |
|    \\/     M anipulation  |                                                 |
\*---------------------------------------------------------------------------*/
FoamFile
{
    version     2.0;
    format      ascii;
    arch        "LSB;label=32;scalar=64";
    class       labelList;
    location    "constant/polyMesh";
    object      neighbour;
}
// * * * * * * * * * * * * * * * * * * * * * * * * * * * * * * * * * * * * * //


5825
(
1
145
321
571
572
1744
2
4
46
144
3
45
321
4
320
5
571
6
144
146
7
143
147
8
142
148
9
141
149
10
140
150
11
139
151
12
138
152
13
137
153
14
136
154
15
155
16
136
478
17
135
459
18
118
458
19
117
439
20
100
438
21
99
419
22
82
418
23
81
399
24
64
398
25
63
379
26
378
27
63
1212
28
62
946
29
61
947
30
60
948
31
59
949
32
58
950
33
57
951
34
56
952
35
55
953
36
54
350
37
349
38
54
864
39
53
863
40
52
862
41
51
861
42
50
860
43
49
859
44
48
858
45
47
857
46
856
47
127
1744
48
126
1741
49
109
1742
50
108
1743
51
91
1554
52
90
1553
53
73
1534
54
72
1543
55
1544
56
72
954
57
71
1485
58
70
1484
59
69
1483
60
68
1482
61
67
1215
62
66
1214
63
65
1213
64
1211
65
81
1210
66
80
1462
67
79
1461
68
78
1460
69
77
1481
70
76
1539
71
75
1540
72
74
1541
73
1542
74
90
1535
75
89
1536
76
88
1537
77
87
1538
78
86
1480
79
85
1479
80
84
1464
81
83
1463
82
1209
83
99
1208
84
98
1466
85
97
1465
86
96
1478
87
95
1477
88
94
1545
89
93
1548
90
92
1549
91
1552
92
108
1551
93
107
1550
94
106
1547
95
105
1546
96
104
1476
97
103
1469
98
102
1468
99
101
1467
100
1207
101
117
1206
102
116
1627
103
115
1626
104
114
1625
105
113
1624
106
112
1657
107
111
1658
108
110
1691
109
1690
110
126
1693
111
125
1692
112
124
1659
113
123
1648
114
122
1647
115
121
1646
116
120
1628
117
119
1614
118
1205
119
135
1204
120
134
1613
121
133
1629
122
132
1645
123
131
1644
124
130
1703
125
129
1660
126
128
1707
127
1694
128
144
1709
129
143
1706
130
142
1705
131
141
1704
132
140
1643
133
139
1631
134
138
1630
135
137
1611
136
1612
137
479
138
1610
139
1641
140
1640
141
1642
142
1722
143
1723
144
1724
145
146
1709
1711
1724
147
553
571
148
552
1724
149
535
1723
150
534
1722
151
517
1642
152
516
1640
153
499
1641
154
498
1610
155
479
481
156
478
157
477
481
158
476
482
159
475
483
160
474
484
161
473
485
162
472
486
163
471
487
164
470
488
165
469
489
166
208
167
209
489
168
228
490
169
229
507
170
248
508
171
249
525
172
268
526
173
269
543
174
288
544
175
289
561
176
308
562
177
311
178
308
310
179
307
331
180
306
332
181
305
333
182
304
334
183
303
335
184
302
336
185
301
337
186
300
338
187
299
339
188
340
189
299
359
190
298
360
191
279
361
192
278
362
193
259
363
194
258
364
195
239
365
196
238
366
197
219
367
198
218
368
199
369
200
218
388
201
217
389
202
216
408
203
215
409
204
214
428
205
213
429
206
212
448
207
211
449
208
210
468
209
469
210
228
589
211
227
590
212
226
591
213
225
592
214
224
593
215
223
594
216
222
595
217
221
596
218
220
597
219
598
220
238
599
221
237
606
222
236
607
223
235
610
224
234
611
225
233
745
226
232
744
227
231
743
228
230
1154
229
588
230
248
587
231
247
1153
232
246
741
233
245
747
234
244
746
235
243
612
236
242
609
237
241
608
238
240
605
239
600
240
258
601
241
257
604
242
256
615
243
255
614
244
254
613
245
253
749
246
252
748
247
251
740
248
250
1152
249
586
250
268
585
251
267
1151
252
266
1150
253
265
751
254
264
750
255
263
618
256
262
617
257
261
616
258
260
603
259
602
260
278
764
261
277
763
262
276
762
263
275
761
264
274
760
265
273
759
266
272
758
267
271
1149
268
270
1308
269
584
270
288
583
271
287
1307
272
286
1306
273
285
757
274
284
1298
275
283
773
276
282
772
277
281
771
278
280
770
279
765
280
298
766
281
297
769
282
296
776
283
295
775
284
294
774
285
293
1297
286
292
1302
287
291
1305
288
290
1318
289
582
290
308
581
291
307
1319
292
306
1304
293
305
1303
294
304
1296
295
303
779
296
302
778
297
301
777
298
300
768
299
767
300
784
301
783
302
782
303
781
304
780
305
1295
306
1322
307
1321
308
1320
309
310
562
579
581
1320
311
329
331
312
562
313
329
563
314
328
564
315
327
565
316
326
566
317
325
567
318
324
568
319
323
569
320
322
570
321
571
322
856
323
572
855
324
573
836
325
574
835
326
575
816
327
576
815
328
577
796
329
578
795
330
579
331
793
795
1566
332
1320
333
793
1321
334
792
1322
335
791
1295
336
780
790
337
781
789
338
782
788
339
783
787
340
784
786
341
359
342
358
786
343
357
805
344
356
806
345
355
825
346
354
826
347
353
845
348
352
846
349
351
865
350
864
351
953
1544
352
866
934
353
867
933
354
868
914
355
869
913
356
870
894
357
871
893
358
872
874
359
785
875
360
784
361
767
875
362
766
876
363
765
877
364
764
878
365
602
879
366
601
880
367
600
881
368
599
882
369
598
883
370
388
371
387
883
372
386
884
373
385
903
374
384
904
375
383
923
376
382
924
377
381
943
378
380
944
379
1212
380
398
1211
381
397
1065
382
396
1064
383
395
1063
384
394
1062
385
393
1011
386
392
1010
387
391
1009
388
390
1008
389
598
390
408
597
391
407
1007
392
406
1014
393
405
1013
394
404
1012
395
403
1061
396
402
1068
397
401
1067
398
400
1066
399
1210
400
418
1209
401
417
1077
402
416
1076
403
415
1069
404
414
1060
405
413
1045
406
412
1044
407
411
1015
408
410
1006
409
596
410
428
595
411
427
1005
412
426
1016
413
425
1047
414
424
1046
415
423
1071
416
422
1070
417
421
1075
418
420
1078
419
1208
420
438
1207
421
437
1079
422
436
1074
423
435
1073
424
434
1072
425
433
1049
426
432
1048
427
431
1017
428
430
1018
429
594
430
448
593
431
447
1128
432
446
1131
433
445
1132
434
444
1135
435
443
1178
436
442
1179
437
441
1180
438
440
1183
439
1206
440
458
1205
441
457
1182
442
456
1181
443
455
1176
444
454
1177
445
453
1134
446
452
1133
447
451
1130
448
450
1129
449
592
450
468
591
451
467
1165
452
466
1164
453
465
1163
454
464
1170
455
463
1171
456
462
1175
457
461
1200
458
460
1203
459
1204
460
478
1612
461
477
1202
462
476
1201
463
475
1174
464
474
1173
465
473
1169
466
472
1168
467
471
1167
468
470
1166
469
590
470
589
471
1356
472
1357
473
1358
474
1359
475
1368
476
1369
477
1370
478
480
479
480
1610
1612
481
1202
1370
1609
482
498
483
497
1370
484
496
1369
485
495
1368
486
494
1359
487
493
1358
488
492
1357
489
491
1356
490
589
491
507
588
492
506
1355
493
505
1362
494
504
1361
495
503
1360
496
502
1367
497
501
1372
498
500
1371
499
1609
500
516
1608
501
515
1607
502
514
1373
503
513
1366
504
512
1365
505
511
1364
506
510
1363
507
509
1354
508
587
509
525
586
510
524
1353
511
523
1352
512
522
1351
513
521
1350
514
520
1375
515
519
1374
516
518
1606
517
1639
518
534
1638
519
533
1605
520
532
1604
521
531
1603
522
530
1591
523
529
1590
524
528
1589
525
527
1588
526
585
527
543
584
528
542
1587
529
541
1594
530
540
1593
531
539
1592
532
538
1602
533
537
1717
534
536
1718
535
1721
536
552
1720
537
551
1719
538
550
1716
539
549
1601
540
548
1597
541
547
1596
542
546
1595
543
545
1586
544
583
545
561
582
546
560
1585
547
559
1584
548
558
1599
549
557
1598
550
556
1600
551
555
1715
552
554
1726
553
1725
554
570
1711
555
569
1712
556
568
1713
557
567
1714
558
566
1581
559
565
1582
560
564
1583
561
563
580
562
581
563
564
579
565
578
566
577
567
576
568
575
569
574
570
573
571
572
573
1711
1727
574
1712
1728
575
1713
1729
576
1714
1730
577
1581
1731
578
1568
1582
579
1567
1583
580
1566
581
1339
1583
1585
582
1319
583
1318
1585
584
1307
1586
585
1308
1587
586
1151
1588
587
1152
1353
588
1153
1354
589
1154
1355
590
1356
591
1154
1166
592
743
1165
593
744
1129
594
745
1128
595
611
1018
596
610
1005
597
607
1006
598
606
1007
599
1008
600
606
1027
601
605
1028
602
604
1223
603
764
1224
604
616
763
1245
605
615
1246
606
608
1039
607
1026
608
610
1025
609
615
1040
610
612
614
1003
611
1004
612
745
1019
613
746
1020
614
618
749
1251
615
617
1250
616
1247
617
762
1248
618
761
1249
619
750
760
620
1249
1251
1253
1257
621
644
667
669
622
643
670
1257
623
642
671
1262
624
641
672
1263
625
640
673
1286
626
639
674
1288
627
638
675
1289
628
637
676
1290
629
636
678
1514
630
635
679
1515
631
679
684
1517
632
635
685
1684
633
634
686
1685
634
656
687
1679
635
655
1736
636
1558
637
655
1559
638
1291
1331
639
1292
1330
640
1293
1327
641
1325
1327
642
1300
1328
643
755
1299
644
1255
1256
645
1253
1254
646
664
666
1388
647
663
1143
1145
648
662
1146
1158
649
661
1147
1313
650
660
755
1312
651
755
1328
1335
652
660
1329
1334
653
658
1329
1334
654
658
1331
1332
655
656
1331
1332
656
1560
657
1676
658
687
689
1675
659
1578
660
689
694
1575
661
1344
662
694
1345
663
696
1346
664
702
1386
665
704
1387
666
704
707
1387
667
708
1388
668
708
1251
669
709
711
1250
670
712
1249
671
713
1258
672
714
1261
673
715
1264
674
1268
1285
675
1268
1283
676
1269
1282
677
1270
1281
678
1270
1495
1496
679
1495
1496
680
1497
681
720
1496
1497
682
683
721
1498
683
722
724
1526
684
725
1518
685
726
1518
686
727
1683
687
728
1682
688
1680
689
728
730
1663
690
1664
691
692
693
1664
692
730
732
1668
693
699
1666
694
695
1574
695
1574
696
698
1574
697
698
1346
698
700
702
736
699
1348
700
732
1377
701
732
735
702
978
980
1384
703
1385
704
705
980
1385
705
1387
706
981
1193
707
982
984
1122
708
985
1123
709
1021
710
985
1002
711
986
1041
1108
712
1108
1247
713
1109
1248
714
1259
1746
715
1260
1747
716
1265
1748
717
1267
1268
1748
718
1234
1269
1272
719
1235
1270
1271
720
1236
1494
1496
721
966
1493
722
967
1499
723
967
1503
724
968
970
1450
725
972
1525
726
972
1519
727
974
1519
728
975
1652
729
1653
730
975
977
1650
731
1668
732
733
977
978
733
734
1378
1635
1668
735
1172
1379
1381
1383
736
1172
1376
1384
737
1162
1349
1385
738
1161
1162
1346
1386
739
742
1143
1158
1160
740
742
1144
1155
1157
741
748
1150
1152
742
743
747
1153
743
1139
1140
1141
1142
1153
1154
1155
1160
1162
1164
1165
1166
1167
1354
1355
1362
1363
744
1154
745
747
1140
746
1127
747
749
1126
748
1141
749
751
1144
750
1252
751
759
1253
752
758
1150
753
1145
1146
1254
754
758
1147
1255
755
756
1147
1255
756
757
1299
1301
1311
758
1298
1302
1306
759
1149
760
1256
1298
761
773
1257
762
772
1258
763
771
1259
764
770
1244
765
1432
766
770
1431
767
769
1752
768
784
1753
769
777
783
1241
770
776
1242
771
1243
772
776
1260
773
775
1261
774
1262
1298
775
779
1263
1297
776
778
1264
777
1265
778
782
1266
779
781
1285
780
1286
1296
781
1287
1295
782
1284
783
1275
784
1276
785
786
872
1276
1753
787
805
788
804
1276
789
803
1275
790
802
1284
791
801
1287
792
800
1294
793
799
1323
794
1565
795
797
799
1564
796
1567
797
815
1568
798
814
1733
799
811
813
1562
800
1563
801
811
1293
802
810
1288
803
809
1283
804
808
1274
805
807
1277
806
872
807
825
871
808
824
1278
809
823
1273
810
822
1282
811
821
1289
812
1292
813
819
821
1291
814
818
1561
815
817
1732
816
1731
817
835
1730
818
834
1734
819
833
1560
820
832
1559
821
829
831
1514
822
1290
823
829
1281
824
828
1280
825
827
1279
826
870
827
845
869
828
844
1509
829
843
1510
830
1513
831
841
843
1512
832
840
1515
833
839
1558
834
838
1736
835
837
1735
836
1729
837
855
1728
838
854
1740
839
853
1737
840
852
1557
841
851
1516
842
850
1531
843
847
849
1532
844
1511
845
847
1508
846
868
847
865
867
848
1507
849
863
865
1506
850
862
1533
851
861
1530
852
860
1555
853
859
1556
854
858
1738
855
857
1739
856
1727
857
1744
858
1741
859
1742
860
1743
861
1554
862
1553
863
1534
864
1543
865
1544
866
867
955
1506
1544
868
956
1507
869
957
1508
870
958
1509
871
959
1279
872
960
1278
873
1277
874
960
1240
1751
1753
875
891
893
876
1753
877
891
1752
878
890
1431
879
889
1432
880
888
1224
881
887
1223
882
886
1028
883
885
1027
884
1008
885
903
1009
886
902
1030
887
901
1029
888
900
1222
889
899
1225
890
898
1433
891
897
1430
892
1751
893
895
897
961
894
960
895
913
959
896
912
1490
897
909
911
1428
898
1429
899
909
1434
900
908
1226
901
907
1221
902
906
1032
903
905
1031
904
1010
905
923
1011
906
922
1034
907
921
1033
908
920
1220
909
919
1227
910
1435
911
917
919
1440
912
916
1427
913
915
1489
914
958
915
933
957
916
932
1488
917
931
1426
918
930
1441
919
927
929
1408
920
1407
921
927
1219
922
926
1090
923
925
1089
924
1062
925
943
1063
926
942
1092
927
941
1091
928
1218
929
939
941
1217
930
938
1409
931
937
1442
932
936
1443
933
935
1487
934
956
935
953
955
936
952
1486
937
951
1444
938
950
1445
939
949
1410
940
948
1216
941
945
947
1095
942
1094
943
945
1093
944
1064
945
1065
1212
946
1096
947
1212
1213
948
1214
949
1215
950
1482
951
1483
952
1484
953
1485
954
955
1485
1542
1544
956
1486
1505
957
1487
1500
958
1488
1492
959
1237
1489
960
1238
1490
961
1239
962
1429
1490
1751
963
1233
1234
1420
964
1235
1421
1490
965
1236
1422
1489
966
1236
1423
1491
967
1424
1491
968
1501
969
1424
1448
970
1415
1447
1454
971
1451
1454
972
973
1454
1521
973
1521
974
1115
1521
975
1116
1520
976
1651
977
994
1116
1620
978
1621
979
1383
980
994
995
1383
981
1384
982
995
1194
983
996
1121
984
997
999
1057
985
1000
1056
986
1001
987
1042
1056
988
1106
1108
1110
989
1056
1111
1405
990
1057
1112
1404
991
1057
1456
1457
992
997
1456
1457
993
997
1115
1472
994
996
1116
1118
995
1619
996
1391
997
1120
998
999
1085
1101
1120
1395
1000
1058
1084
1121
1001
1053
1055
1122
1002
1042
1052
1123
1003
1021
1023
1041
1004
1020
1040
1250
1005
1019
1023
1025
1006
1016
1018
1007
1015
1025
1008
1014
1026
1009
1027
1010
1014
1030
1011
1013
1031
1012
1034
1062
1013
1035
1045
1061
1014
1036
1044
1015
1037
1016
1024
1044
1017
1023
1047
1018
1022
1048
1131
1019
1128
1020
1022
1127
1021
1126
1251
1022
1123
1125
1023
1051
1138
1024
1052
1025
1037
1041
1043
1026
1040
1027
1037
1039
1028
1030
1029
1039
1223
1030
1032
1038
1222
1031
1037
1032
1034
1036
1033
1105
1221
1034
1090
1104
1220
1035
1089
1036
1054
1088
1104
1037
1043
1105
1038
1039
1041
1105
1107
1040
1246
1041
1247
1042
1043
1055
1105
1044
1052
1054
1045
1047
1046
1054
1060
1047
1049
1053
1071
1048
1052
1049
1051
1132
1050
1072
1135
1051
1053
1083
1122
1136
1052
1123
1137
1053
1054
1084
1055
1059
1056
1058
1104
1057
1058
1059
1101
1103
1060
1084
1086
1088
1061
1069
1071
1062
1068
1088
1063
1089
1064
1068
1092
1065
1067
1093
1066
1096
1211
1067
1077
1097
1210
1068
1076
1098
1069
1087
1070
1076
1086
1071
1073
1075
1085
1072
1084
1073
1083
1178
1074
1082
1179
1075
1079
1081
1180
1076
1078
1396
1077
1099
1078
1209
1398
1079
1208
1397
1080
1183
1207
1081
1184
1393
1397
1467
1082
1119
1185
1396
1083
1085
1120
1186
1084
1121
1187
1085
1086
1396
1087
1099
1101
1088
1092
1098
1102
1089
1103
1090
1092
1091
1103
1219
1092
1094
1102
1218
1093
1094
1096
1098
1095
1217
1401
1096
1214
1216
1400
1097
1213
1098
1398
1400
1462
1099
1401
1100
1396
1398
1101
1395
1399
1401
1455
1102
1456
1103
1401
1403
1104
1404
1105
1405
1106
1107
1221
1229
1405
1108
1222
1246
1754
1109
1110
1746
1754
1111
1229
1230
1112
1228
1417
1113
1406
1416
1114
1413
1415
1457
1115
1453
1454
1457
1116
1473
1117
1118
1473
1475
1520
1620
1119
1470
1472
1619
1120
1390
1393
1395
1121
1391
1122
1194
1123
1193
1124
1125
1137
1191
1193
1387
1126
1138
1142
1388
1127
1141
1252
1128
1138
1140
1129
1131
1130
1140
1165
1131
1133
1139
1164
1132
1138
1133
1135
1137
1134
1163
1190
1135
1170
1177
1189
1136
1178
1137
1187
1189
1193
1138
1190
1139
1140
1142
1190
1141
1142
1144
1143
1191
1144
1386
1388
1145
1252
1146
1254
1147
1157
1148
1149
1157
1309
1311
1313
1150
1306
1308
1151
1157
1152
1156
1308
1153
1155
1154
1156
1160
1353
1157
1159
1309
1588
1158
1159
1313
1346
1160
1314
1347
1589
1161
1352
1162
1347
1349
1351
1163
1168
1169
1170
1172
1189
1190
1191
1192
1349
1360
1361
1364
1365
1164
1168
1170
1165
1167
1166
1167
1356
1168
1357
1169
1358
1170
1173
1359
1171
1172
1173
1175
1177
1173
1174
1175
1188
1195
1196
1197
1199
1366
1367
1372
1373
1376
1379
1174
1368
1175
1201
1369
1176
1200
1177
1179
1181
1197
1178
1188
1179
1187
1180
1186
1181
1183
1185
1182
1198
1200
1183
1203
1205
1615
1184
1206
1185
1392
1615
1627
1186
1198
1390
1187
1197
1391
1188
1194
1189
1195
1197
1190
1192
1191
1192
1386
1193
1195
1385
1194
1195
1391
1196
1384
1197
1383
1389
1391
1198
1199
1389
1615
1200
1201
1202
1203
1371
1380
1381
1389
1607
1608
1609
1611
1613
1615
1616
1629
1630
1632
1633
1201
1203
1202
1370
1203
1612
1204
1205
1612
1613
1206
1614
1207
1627
1208
1467
1209
1466
1210
1463
1211
1462
1212
1213
1214
1462
1215
1461
1216
1460
1482
1217
1410
1459
1218
1402
1409
1219
1403
1408
1220
1404
1407
1221
1227
1405
1222
1226
1223
1225
1224
1246
1225
1245
1432
1226
1433
1754
1227
1229
1434
1228
1407
1435
1229
1405
1406
1436
1230
1754
1231
1418
1419
1232
1419
1745
1746
1233
1420
1747
1750
1234
1748
1749
1235
1239
1236
1238
1237
1238
1492
1494
1509
1239
1271
1279
1240
1272
1278
1241
1267
1277
1749
1242
1266
1276
1753
1243
1265
1749
1752
1244
1260
1431
1750
1245
1259
1432
1745
1246
1248
1754
1247
1248
1250
1249
1259
1250
1258
1251
1252
1253
1388
1254
1256
1255
1256
1257
1299
1258
1262
1259
1261
1260
1261
1265
1262
1264
1263
1299
1264
1286
1300
1265
1285
1266
1267
1275
1285
1268
1272
1274
1269
1270
1272
1271
1272
1280
1494
1273
1274
1278
1280
1282
1275
1277
1283
1276
1284
1277
1278
1279
1280
1509
1281
1510
1282
1290
1513
1283
1289
1284
1288
1285
1287
1286
1287
1325
1288
1294
1289
1293
1290
1292
1291
1514
1292
1559
1561
1293
1562
1294
1563
1295
1323
1325
1296
1322
1297
1303
1325
1298
1300
1302
1299
1300
1301
1325
1302
1324
1335
1337
1303
1305
1304
1322
1324
1305
1319
1321
1338
1306
1318
1337
1307
1311
1308
1310
1318
1309
1310
1314
1587
1311
1315
1317
1586
1312
1337
1313
1315
1336
1344
1314
1345
1315
1572
1594
1316
1571
1595
1317
1336
1340
1570
1584
1318
1337
1339
1585
1319
1320
1339
1321
1566
1322
1565
1323
1324
1563
1565
1325
1326
1338
1327
1333
1335
1341
1563
1328
1330
1329
1335
1330
1334
1331
1333
1332
1333
1561
1579
1334
1342
1562
1335
1343
1336
1337
1341
1343
1338
1339
1341
1565
1340
1566
1341
1567
1569
1583
1342
1564
1343
1569
1579
1733
1344
1570
1578
1345
1571
1575
1346
1572
1574
1347
1348
1572
1590
1349
1377
1573
1591
1350
1376
1351
1365
1375
1591
1352
1364
1590
1353
1363
1589
1354
1588
1355
1363
1356
1362
1357
1358
1362
1359
1361
1360
1368
1361
1365
1367
1362
1364
1363
1364
1365
1366
1367
1373
1375
1368
1372
1369
1370
1372
1371
1372
1607
1609
1373
1374
1607
1375
1379
1604
1606
1376
1603
1377
1379
1378
1603
1666
1379
1604
1636
1667
1380
1381
1606
1632
1636
1382
1633
1635
1383
1389
1617
1619
1621
1384
1385
1386
1387
1388
1390
1616
1391
1392
1619
1393
1616
1618
1626
1394
1468
1470
1395
1397
1399
1465
1471
1396
1472
1397
1398
1466
1399
1463
1400
1458
1464
1401
1459
1461
1402
1403
1412
1455
1459
1404
1413
1456
1405
1406
1407
1413
1439
1408
1440
1409
1413
1441
1410
1412
1442
1411
1445
1482
1412
1446
1452
1459
1481
1413
1447
1453
1414
1415
1425
1439
1441
1447
1416
1424
1417
1438
1439
1418
1436
1437
1419
1436
1437
1420
1434
1421
1429
1422
1428
1437
1423
1427
1438
1424
1425
1438
1425
1426
1448
1491
1427
1441
1443
1488
1428
1440
1489
1429
1435
1490
1430
1434
1431
1433
1750
1751
1432
1752
1433
1434
1745
1435
1436
1440
1437
1439
1438
1439
1440
1441
1442
1443
1445
1447
1444
1448
1487
1445
1449
1484
1486
1446
1483
1447
1449
1451
1539
1448
1449
1501
1450
1502
1540
1451
1503
1525
1537
1452
1522
1538
1453
1458
1474
1480
1454
1455
1473
1456
1458
1472
1457
1459
1471
1479
1460
1461
1479
1481
1462
1464
1463
1464
1466
1465
1479
1466
1468
1478
1467
1468
1627
1469
1626
1470
1476
1478
1625
1471
1475
1618
1472
1474
1478
1473
1474
1521
1475
1477
1522
1476
1523
1623
1477
1546
1624
1478
1480
1545
1479
1480
1481
1538
1482
1539
1483
1484
1539
1485
1540
1486
1541
1487
1502
1488
1501
1489
1491
1490
1492
1501
1493
1500
1508
1494
1497
1499
1511
1495
1510
1496
1497
1513
1498
1512
1499
1517
1529
1531
1500
1504
1532
1501
1505
1507
1502
1503
1505
1541
1504
1526
1536
1505
1529
1533
1535
1506
1542
1507
1533
1543
1508
1532
1509
1511
1510
1511
1513
1512
1532
1513
1515
1531
1514
1515
1559
1516
1558
1517
1531
1555
1557
1518
1528
1684
1519
1527
1683
1520
1524
1652
1521
1523
1651
1522
1523
1525
1545
1524
1546
1656
1525
1527
1547
1655
1526
1548
1527
1529
1549
1528
1550
1688
1529
1551
1555
1689
1530
1552
1531
1533
1553
1555
1532
1533
1534
1535
1543
1553
1536
1542
1552
1537
1541
1549
1538
1540
1548
1539
1545
1540
1541
1542
1543
1544
1546
1548
1547
1657
1548
1550
1658
1549
1550
1552
1551
1691
1552
1554
1690
1553
1554
1555
1743
1556
1557
1689
1738
1743
1558
1684
1737
1559
1736
1560
1561
1734
1736
1562
1732
1563
1733
1564
1565
1567
1733
1566
1567
1568
1569
1731
1733
1570
1580
1582
1571
1577
1599
1572
1576
1596
1573
1593
1574
1576
1592
1666
1575
1576
1578
1664
1577
1597
1665
1578
1580
1598
1674
1579
1675
1580
1676
1732
1581
1677
1731
1582
1598
1714
1583
1599
1584
1585
1595
1599
1586
1587
1595
1588
1594
1589
1590
1594
1591
1593
1592
1603
1593
1597
1602
1594
1596
1595
1596
1597
1599
1598
1601
1599
1600
1601
1674
1714
1715
1602
1665
1716
1603
1666
1717
1604
1605
1717
1606
1636
1638
1718
1607
1639
1608
1609
1639
1641
1610
1611
1641
1612
1613
1630
1614
1629
1615
1627
1628
1616
1617
1628
1618
1622
1633
1646
1619
1623
1625
1620
1621
1623
1651
1622
1635
1650
1623
1634
1647
1649
1624
1656
1625
1647
1657
1626
1646
1627
1628
1629
1646
1630
1645
1631
1641
1632
1640
1643
1645
1633
1637
1639
1634
1645
1635
1637
1644
1702
1636
1669
1637
1670
1638
1643
1701
1639
1642
1721
1640
1641
1642
1643
1722
1644
1704
1645
1647
1703
1646
1647
1648
1649
1657
1659
1703
1650
1654
1656
1702
1651
1653
1669
1652
1656
1653
1655
1683
1654
1662
1682
1655
1659
1661
1687
1656
1658
1688
1657
1658
1659
1691
1660
1692
1661
1703
1705
1707
1662
1700
1702
1708
1663
1669
1671
1681
1664
1668
1672
1680
1665
1675
1666
1672
1674
1667
1668
1670
1672
1717
1669
1670
1702
1671
1701
1718
1672
1698
1700
1719
1673
1716
1674
1678
1680
1698
1715
1675
1677
1676
1680
1677
1679
1734
1678
1714
1730
1679
1697
1713
1729
1680
1696
1735
1681
1682
1696
1698
1708
1683
1685
1687
1684
1688
1685
1689
1686
1696
1737
1687
1689
1693
1695
1738
1688
1692
1708
1689
1691
1690
1691
1693
1743
1692
1693
1707
1694
1742
1695
1707
1709
1741
1696
1708
1710
1739
1697
1740
1698
1710
1712
1728
1699
1726
1700
1706
1708
1710
1725
1701
1705
1720
1702
1704
1721
1703
1704
1705
1722
1706
1723
1707
1709
1724
1708
1710
1744
1711
1727
1712
1725
1713
1726
1714
1715
1716
1726
1717
1719
1718
1719
1721
1720
1726
1721
1723
1725
1722
1723
1724
1725
1726
1728
1739
1744
1729
1740
1730
1735
1731
1734
1732
1733
1734
1735
1736
1740
1737
1738
1740
1739
1742
1740
1741
1742
1744
1743
1746
1750
1754
1747
1748
1750
1749
1750
1751
1752
1753
-1
-1
-1
-1
-1
-1
-1
-1
-1
-1
-1
-1
-1
-1
-1
-1
-1
-1
-1
-1
-1
-1
-1
-1
-1
-1
-1
-1
-1
-1
-1
-1
-1
-1
-1
-1
-1
-1
-1
-1
-1
-1
-1
-1
-1
-1
-1
-1
-1
-1
-1
-1
-1
-1
-1
-1
-1
-1
-1
-1
-1
-1
-1
-1
-1
-1
-1
-1
-1
-1
-1
-1
-1
-1
-1
-1
-1
-1
-1
-1
-1
-1
-1
-1
-1
-1
-1
-1
-1
-1
-1
-1
-1
-1
-1
-1
-1
-1
-1
-1
-1
-1
-1
-1
-1
-1
-1
-1
-1
-1
-1
-1
-1
-1
-1
-1
-1
-1
-1
-1
-1
-1
-1
-1
-1
-1
-1
-1
-1
-1
-1
-1
-1
-1
-1
-1
-1
-1
-1
-1
-1
-1
-1
-1
-1
-1
-1
-1
-1
-1
-1
-1
-1
-1
-1
-1
-1
-1
-1
-1
-1
-1
-1
-1
-1
-1
-1
-1
-1
-1
-1
-1
-1
-1
-1
-1
-1
-1
-1
-1
-1
-1
-1
-1
-1
-1
-1
-1
-1
-1
-1
-1
-1
-1
-1
-1
-1
-1
-1
-1
-1
-1
-1
-1
-1
-1
-1
-1
-1
-1
-1
-1
-1
-1
-1
-1
-1
-1
-1
-1
-1
-1
-1
-1
-1
-1
-1
-1
-1
-1
-1
-1
-1
-1
-1
-1
-1
-1
-1
-1
-1
-1
-1
-1
-1
-1
-1
-1
-1
-1
-1
-1
-1
-1
-1
-1
-1
-1
-1
-1
-1
-1
-1
-1
-1
-1
-1
-1
-1
-1
-1
-1
-1
-1
-1
-1
-1
-1
-1
-1
-1
-1
-1
-1
-1
-1
-1
-1
-1
-1
-1
-1
-1
-1
-1
-1
-1
-1
-1
-1
-1
-1
-1
-1
-1
-1
-1
-1
-1
-1
-1
-1
-1
-1
-1
-1
-1
-1
-1
-1
-1
-1
-1
-1
-1
-1
-1
-1
-1
-1
-1
-1
-1
-1
-1
-1
-1
-1
-1
-1
-1
-1
-1
-1
-1
-1
-1
-1
-1
-1
-1
-1
-1
-1
-1
-1
-1
-1
-1
-1
-1
-1
-1
-1
-1
-1
-1
-1
-1
-1
-1
-1
-1
-1
-1
-1
-1
-1
-1
-1
-1
-1
-1
-1
-1
-1
-1
-1
-1
-1
-1
-1
-1
-1
-1
-1
-1
-1
-1
-1
-1
-1
-1
-1
-1
-1
-1
-1
-1
-1
-1
-1
-1
-1
-1
-1
-1
-1
-1
-1
-1
-1
-1
-1
-1
-1
-1
-1
-1
-1
-1
-1
-1
-1
-1
-1
-1
-1
-1
-1
-1
-1
-1
-1
-1
-1
-1
-1
-1
-1
-1
-1
-1
-1
-1
-1
-1
-1
-1
-1
-1
-1
-1
-1
-1
-1
-1
-1
-1
-1
-1
-1
-1
-1
-1
-1
-1
-1
-1
-1
-1
-1
-1
-1
-1
-1
-1
-1
-1
-1
-1
-1
-1
-1
-1
-1
-1
-1
-1
-1
-1
-1
-1
-1
-1
-1
-1
-1
-1
-1
-1
-1
-1
-1
-1
-1
-1
-1
-1
-1
-1
-1
-1
-1
-1
-1
-1
-1
-1
-1
-1
-1
-1
-1
-1
-1
-1
-1
-1
-1
-1
-1
-1
-1
-1
-1
-1
-1
-1
-1
-1
-1
-1
-1
-1
-1
-1
-1
-1
-1
-1
-1
-1
-1
-1
-1
-1
-1
-1
-1
-1
-1
-1
-1
-1
-1
-1
-1
-1
-1
-1
-1
-1
-1
-1
-1
-1
-1
-1
-1
-1
-1
-1
-1
-1
-1
-1
-1
-1
-1
-1
-1
-1
-1
-1
-1
-1
-1
-1
-1
-1
-1
-1
-1
-1
-1
-1
-1
-1
-1
-1
-1
-1
-1
-1
-1
-1
-1
-1
-1
-1
-1
-1
-1
-1
-1
-1
-1
-1
-1
-1
-1
-1
-1
-1
-1
-1
-1
-1
-1
-1
-1
-1
-1
-1
-1
-1
-1
-1
-1
-1
-1
-1
-1
-1
-1
-1
-1
-1
-1
-1
-1
-1
-1
-1
-1
-1
-1
-1
-1
-1
-1
-1
-1
-1
-1
-1
-1
-1
-1
-1
-1
-1
-1
-1
-1
-1
-1
-1
-1
-1
-1
-1
-1
-1
-1
-1
-1
-1
-1
-1
-1
-1
-1
-1
-1
-1
-1
-1
-1
-1
-1
-1
-1
-1
-1
-1
-1
-1
-1
-1
-1
-1
-1
-1
-1
-1
-1
-1
-1
-1
-1
-1
-1
-1
-1
-1
-1
-1
-1
-1
-1
-1
-1
-1
-1
-1
-1
-1
-1
-1
-1
-1
-1
-1
-1
-1
-1
-1
-1
-1
-1
-1
-1
-1
-1
-1
-1
-1
-1
-1
-1
-1
-1
-1
-1
-1
-1
-1
-1
-1
-1
-1
-1
-1
-1
-1
-1
-1
-1
-1
-1
-1
-1
-1
-1
-1
-1
-1
-1
-1
-1
-1
-1
-1
-1
-1
-1
-1
-1
-1
-1
-1
-1
-1
-1
-1
-1
-1
-1
-1
-1
-1
-1
-1
-1
-1
-1
-1
-1
-1
-1
-1
-1
-1
-1
-1
-1
-1
-1
-1
-1
-1
-1
-1
-1
-1
-1
-1
-1
-1
-1
-1
-1
-1
-1
-1
-1
-1
-1
-1
-1
-1
-1
-1
-1
-1
-1
-1
-1
-1
-1
-1
-1
-1
-1
-1
-1
-1
-1
-1
-1
-1
-1
-1
-1
-1
-1
-1
-1
-1
-1
-1
-1
-1
-1
-1
-1
-1
-1
-1
-1
-1
-1
-1
-1
-1
-1
-1
-1
-1
-1
-1
-1
-1
-1
-1
-1
-1
-1
-1
-1
-1
-1
-1
-1
-1
-1
-1
-1
-1
-1
-1
-1
-1
-1
-1
-1
-1
-1
-1
-1
-1
-1
-1
-1
-1
-1
-1
-1
-1
-1
-1
-1
-1
-1
-1
-1
-1
-1
-1
-1
-1
-1
-1
-1
-1
-1
-1
-1
-1
-1
-1
-1
-1
-1
-1
-1
-1
-1
-1
-1
-1
-1
-1
-1
-1
-1
-1
-1
-1
-1
-1
-1
-1
-1
-1
-1
-1
-1
-1
-1
-1
-1
-1
-1
-1
-1
-1
-1
-1
-1
-1
-1
-1
-1
-1
-1
-1
-1
-1
-1
-1
-1
-1
-1
-1
-1
-1
-1
-1
-1
-1
-1
-1
-1
-1
-1
-1
-1
-1
-1
-1
-1
-1
-1
-1
-1
-1
-1
-1
-1
-1
-1
-1
-1
)


// ************************************************************************* //
