/*--------------------------------*- C++ -*----------------------------------*\
| =========                 |                                                 |
| \\      /  F ield         | OpenFOAM: The Open Source CFD Toolbox           |
|  \\    /   O peration     | Version:  2412                                  |
|   \\  /    A nd           | Website:  www.openfoam.com                      |
|    \\/     M anipulation  |                                                 |
\*---------------------------------------------------------------------------*/
FoamFile
{
    version     2.0;
    format      ascii;
    arch        "LSB;label=32;scalar=64";
    class       labelList;
    location    "constant/polyMesh";
    object      neighbour;
}
// * * * * * * * * * * * * * * * * * * * * * * * * * * * * * * * * * * * * * //


3396
(
322
1
316
2
387
3
263
317
539
317
5
541
323
326
389
274
327
540
267
322
9
319
320
540
459
271
321
323
321
265
330
5
461
9
4
331
7
323
11
15
6
334
13
7
549
326
330
8
8
325
14
17
78
328
332
18
336
13
10
11
327
334
269
12
328
14
12
21
399
329
150
22
329
335
14
338
401
25
339
17
334
21
16
331
19
332
23
27
18
471
25
19
87
333
335
20
20
333
26
29
89
342
473
30
343
25
22
23
335
346
159
24
338
26
24
33
342
337
161
34
340
344
26
348
339
37
346
29
340
33
28
411
31
341
35
39
30
341
37
31
99
347
350
32
32
413
38
41
101
351
346
42
343
37
34
35
344
483
171
36
345
38
36
45
347
345
173
46
354
485
38
355
347
49
358
41
350
45
40
354
43
349
47
51
42
352
49
43
111
356
360
44
44
351
50
53
113
358
352
54
423
49
46
47
353
353
183
48
359
50
48
57
361
542
185
58
273
358
50
355
356
61
495
53
357
57
52
359
55
357
59
63
54
362
61
55
123
276
550
56
56
359
62
65
125
542
361
66
362
61
58
59
267
268
195
60
553
62
60
69
274
269
197
70
546
364
62
365
367
73
369
65
366
69
64
366
67
375
71
288
66
368
73
67
135
370
376
68
68
371
74
290
137
368
373
291
379
73
70
71
371
370
207
72
373
74
72
294
381
372
209
295
373
509
74
374
374
298
550
269
278
544
383
511
384
275
279
271
548
552
376
272
377
274
379
381
76
378
80
378
555
387
380
273
273
546
547
382
77
388
83
383
380
282
385
84
275
553
283
548
391
383
548
275
382
557
554
79
385
393
87
81
384
82
88
385
521
83
81
386
386
85
91
395
286
523
558
396
85
388
93
389
84
85
391
393
279
86
390
86
95
390
399
222
96
88
392
394
89
91
400
93
90
90
395
392
99
92
397
94
100
403
395
95
92
394
397
97
103
405
95
396
94
397
97
533
105
398
96
97
398
407
230
98
535
98
107
408
400
232
108
100
401
403
101
103
405
105
102
102
402
402
111
104
411
106
112
404
406
107
104
412
407
109
115
404
107
409
106
415
109
407
117
406
108
109
409
417
242
110
408
110
119
409
545
244
120
112
410
410
113
115
419
117
114
114
547
420
123
116
412
118
124
413
415
119
116
417
414
121
127
414
119
423
118
416
121
418
129
424
120
121
419
416
254
122
421
122
131
425
419
256
132
124
418
421
125
127
427
129
126
126
420
421
135
128
557
130
136
422
422
131
128
428
559
133
139
429
131
424
130
550
133
425
141
427
132
133
283
277
551
281
553
266
134
285
507
552
552
134
143
279
280
268
144
136
561
428
137
139
426
141
138
138
430
432
363
140
428
142
364
286
281
143
140
554
562
281
509
429
145
367
430
143
569
142
431
145
431
369
433
144
145
554
434
278
146
287
510
283
565
146
371
558
284
280
372
433
286
562
285
285
556
434
560
513
287
564
514
567
558
436
287
437
439
559
441
565
517
560
290
438
148
438
447
153
149
440
442
155
560
448
443
440
156
445
451
294
289
569
292
566
443
296
300
291
442
445
151
159
453
152
154
160
444
445
570
298
513
446
157
163
446
155
455
154
515
157
456
165
156
448
157
292
449
451
158
158
453
167
224
450
450
168
459
452
160
161
454
163
165
162
460
455
162
171
452
164
166
172
457
463
167
164
455
454
169
175
457
167
465
166
456
169
457
177
168
525
169
234
458
458
170
170
467
179
236
527
468
180
460
461
172
173
463
175
177
174
465
462
174
183
462
176
178
184
471
464
179
176
466
472
181
187
467
179
464
178
469
181
475
189
180
467
181
246
466
469
182
182
477
191
248
468
469
192
537
470
184
185
470
187
189
186
479
539
186
195
480
188
190
196
472
473
191
188
475
477
193
199
474
191
474
190
483
193
476
201
192
478
193
258
484
479
194
194
476
203
260
481
487
204
479
478
196
197
481
199
201
198
489
480
198
207
481
200
202
208
549
482
203
200
482
491
205
211
551
203
492
202
484
205
485
213
204
487
205
270
489
486
206
206
486
215
272
495
488
216
490
496
208
209
491
211
213
210
488
493
210
435
497
212
214
436
491
490
215
212
493
498
217
439
492
215
493
214
561
217
494
441
216
494
217
282
500
563
218
218
501
443
284
496
363
444
497
562
563
293
293
498
565
299
302
365
564
564
303
571
298
295
296
566
572
435
297
566
299
297
306
573
570
437
307
572
568
299
310
302
570
306
301
500
304
573
308
312
303
310
304
375
305
305
311
500
314
499
502
504
226
501
377
502
572
221
571
223
503
225
228
503
505
315
310
307
308
573
447
309
311
506
309
318
449
319
223
230
574
227
231
311
575
322
314
318
313
316
320
505
324
225
506
315
234
227
510
235
514
508
227
512
516
238
519
231
510
235
229
511
233
517
237
240
512
512
231
232
521
238
233
518
522
233
242
514
239
243
235
515
517
236
238
516
237
237
516
525
246
239
518
247
526
518
239
529
522
250
526
243
520
247
241
524
245
528
249
252
531
522
243
244
523
250
245
529
524
245
254
524
251
255
247
533
530
248
250
534
249
249
526
527
258
251
529
259
528
528
251
537
530
262
538
255
530
259
253
541
257
534
261
264
538
532
255
256
536
262
257
540
543
257
266
534
263
267
259
535
541
260
262
536
261
261
536
545
270
263
542
271
546
538
576
590
578
591
583
585
592
631
693
852
829
914
836
843
830
844
845
837
615
621
737
640
648
650
657
658
787
853
864
869
874
875
976
899
908
1032
678
683
762
702
711
712
719
720
808
915
926
731
932
758
988
1009
1018
977
936
937
989
783
994
800
821
998
796
1010
997
805
806
1015
962
970
1054
817
826
827
1057
1079
588
587
589
588
587
589
591
592
594
597
598
595
592
594
595
597
596
594
596
598
598
609
608
607
610
611
609
601
603
612
608
602
613
605
603
614
610
632
610
605
607
633
606
634
608
607
635
609
610
618
612
614
616
613
617
614
619
618
616
617
619
620
617
618
643
619
619
629
622
621
630
630
627
623
652
623
625
653
624
654
626
625
655
629
628
627
630
630
629
635
641
640
642
642
633
635
636
634
641
635
644
637
639
645
641
638
646
640
639
647
642
642
641
651
648
649
644
645
647
649
646
650
647
651
649
650
651
656
650
651
656
653
655
657
654
660
655
659
659
658
657
660
658
660
659
660
672
666
670
671
673
672
663
665
674
668
664
675
670
665
676
671
694
667
669
695
670
668
696
669
697
672
671
672
681
674
676
679
675
677
676
680
682
680
678
679
681
679
680
705
681
681
692
683
687
690
686
688
692
714
690
685
687
715
689
686
716
687
717
692
689
691
691
692
704
702
703
694
695
697
703
696
701
697
704
706
704
699
701
707
702
700
708
703
701
709
703
704
709
710
711
713
713
707
709
712
708
710
709
718
711
712
713
712
713
722
715
717
721
716
719
717
718
719
720
722
720
721
722
721
722
750
736
724
726
751
729
725
752
731
726
753
735
775
732
728
730
776
731
729
777
730
778
736
734
733
736
733
734
735
736
746
742
749
748
754
747
739
741
755
744
740
756
749
741
757
748
788
743
745
789
749
744
790
745
791
747
748
747
749
760
751
753
758
752
759
753
754
755
757
759
756
761
757
760
759
761
760
799
761
761
773
774
770
772
779
773
764
766
780
774
765
781
768
766
782
771
809
771
768
770
810
769
811
774
770
812
772
773
774
782
776
778
784
777
783
778
785
785
780
782
786
781
784
782
785
786
784
820
786
786
797
796
798
788
789
791
798
790
795
791
797
801
797
793
795
802
796
794
803
798
795
804
798
797
804
807
805
800
805
806
801
802
804
806
803
807
804
806
807
807
812
819
817
818
818
810
812
813
811
819
812
822
814
816
823
819
815
824
817
816
825
818
818
819
821
826
828
822
825
827
826
823
825
828
824
827
825
828
827
828
835
831
833
830
832
834
835
882
833
834
835
834
833
835
837
839
838
842
842
841
840
944
842
841
839
840
841
842
844
846
849
845
845
851
846
849
850
847
848
851
850
849
851
853
862
861
863
863
854
862
865
855
857
866
862
856
867
859
857
868
863
883
863
859
861
884
860
885
862
861
886
872
869
870
865
866
868
870
867
871
868
872
870
871
872
873
871
894
872
880
876
875
874
875
881
880
881
877
903
877
879
904
878
905
881
879
906
880
881
886
891
892
893
893
884
886
887
885
891
886
895
888
890
896
891
889
897
892
890
898
893
892
893
902
899
900
895
896
898
900
897
901
898
902
900
901
902
907
901
902
907
904
906
908
905
910
906
911
911
913
908
909
913
913
910
912
912
913
925
920
924
915
924
919
925
927
925
917
919
928
922
918
929
924
919
930
945
921
923
946
924
922
947
923
948
925
930
931
932
934
934
928
930
933
929
931
930
935
932
933
934
933
956
934
936
937
941
943
943
942
937
940
942
965
943
939
941
966
942
940
967
941
968
943
955
954
953
945
946
948
953
947
952
948
955
957
955
950
952
958
954
951
959
953
952
960
954
955
960
961
962
964
964
958
960
963
959
961
960
969
962
963
964
963
964
974
966
968
971
967
970
968
969
970
975
974
975
972
973
972
975
975
974
986
982
987
977
987
981
986
990
986
979
981
991
984
980
992
987
981
993
1033
983
985
1034
987
984
1035
985
1036
986
989
994
995
990
993
996
994
991
993
995
992
996
993
995
996
1045
996
998
1008
1006
1007
1007
999
1008
1011
1000
1002
1012
1008
1001
1013
1004
1002
1014
1007
1058
1007
1004
1006
1059
1005
1060
1008
1006
1061
1014
1016
1015
1010
1015
1017
1011
1012
1014
1017
1013
1016
1014
1017
1016
1070
1017
1030
1019
1026
1027
1046
1020
1022
1047
1025
1021
1048
1031
1022
1049
1029
1071
1028
1024
1026
1072
1031
1025
1073
1026
1074
1030
1028
1031
1031
1030
1042
1043
1044
1033
1034
1036
1044
1035
1040
1036
1041
1050
1041
1038
1040
1051
1043
1039
1052
1044
1040
1053
1042
1043
1044
1053
1056
1054
1046
1047
1049
1054
1048
1055
1049
1050
1051
1053
1055
1052
1056
1053
1055
1056
1056
1061
1069
1068
1066
1067
1059
1061
1062
1060
1069
1061
1075
1063
1065
1076
1069
1064
1077
1068
1065
1078
1067
1068
1067
1069
1074
1079
1081
1075
1078
1072
1074
1080
1073
1079
1074
1076
1078
1081
1077
1080
581
580
578
582
599
581
579
578
582
582
579
1078
580
1081
581
1080
582
1081
589
585
586
588
661
589
585
587
-1
-1
-1
-1
-1
-1
-1
-1
-1
-1
-1
-1
-1
-1
-1
-1
-1
-1
-1
-1
-1
-1
-1
-1
-1
-1
-1
-1
-1
-1
-1
-1
-1
-1
-1
-1
-1
-1
-1
-1
-1
-1
-1
-1
-1
-1
-1
-1
-1
-1
-1
-1
-1
-1
-1
-1
-1
-1
-1
-1
-1
-1
-1
-1
-1
-1
-1
-1
-1
-1
-1
-1
-1
-1
-1
-1
-1
-1
-1
-1
-1
-1
-1
-1
-1
-1
-1
-1
-1
-1
-1
-1
-1
-1
-1
-1
-1
-1
-1
-1
-1
-1
-1
-1
-1
-1
-1
-1
-1
-1
-1
-1
-1
-1
-1
-1
-1
-1
-1
-1
-1
-1
-1
-1
-1
-1
-1
-1
-1
-1
-1
-1
-1
-1
-1
-1
-1
-1
-1
-1
-1
-1
-1
-1
-1
-1
-1
-1
-1
-1
-1
-1
-1
-1
-1
-1
-1
-1
-1
-1
-1
-1
-1
-1
-1
-1
-1
-1
-1
-1
-1
-1
-1
-1
-1
-1
-1
-1
-1
-1
-1
-1
-1
-1
-1
-1
-1
-1
-1
-1
-1
-1
-1
-1
-1
-1
-1
-1
-1
-1
-1
-1
-1
-1
-1
-1
-1
-1
-1
-1
-1
-1
-1
-1
-1
-1
-1
-1
-1
-1
-1
-1
-1
-1
-1
-1
-1
-1
-1
-1
-1
-1
-1
-1
-1
-1
-1
-1
-1
-1
-1
-1
-1
-1
-1
-1
-1
-1
-1
-1
-1
-1
-1
-1
-1
-1
-1
-1
-1
-1
-1
-1
-1
-1
-1
-1
-1
-1
-1
-1
-1
-1
-1
-1
-1
-1
-1
-1
-1
-1
-1
-1
-1
-1
-1
-1
-1
-1
-1
-1
-1
-1
-1
-1
-1
-1
-1
-1
-1
-1
-1
-1
-1
-1
-1
-1
-1
-1
-1
-1
-1
-1
-1
-1
-1
-1
-1
-1
-1
-1
-1
-1
-1
-1
-1
-1
-1
-1
-1
-1
-1
-1
-1
-1
-1
-1
-1
-1
-1
-1
-1
-1
-1
-1
-1
-1
-1
-1
-1
-1
-1
-1
-1
-1
-1
-1
-1
-1
-1
-1
-1
-1
-1
-1
-1
-1
-1
-1
-1
-1
-1
-1
-1
-1
-1
-1
-1
-1
-1
-1
-1
-1
-1
-1
-1
-1
-1
-1
-1
-1
-1
-1
-1
-1
-1
-1
-1
-1
-1
-1
-1
-1
-1
-1
-1
-1
-1
-1
-1
-1
-1
-1
-1
-1
-1
-1
-1
-1
-1
-1
-1
-1
-1
-1
-1
-1
-1
-1
-1
-1
-1
-1
-1
-1
-1
-1
-1
-1
-1
-1
-1
-1
-1
-1
-1
-1
-1
-1
-1
-1
-1
-1
-1
-1
-1
-1
-1
-1
-1
-1
-1
-1
-1
-1
-1
-1
-1
-1
-1
-1
-1
-1
-1
-1
-1
-1
-1
-1
-1
-1
-1
-1
-1
-1
-1
-1
-1
-1
-1
-1
-1
-1
-1
-1
-1
-1
-1
-1
-1
-1
-1
-1
-1
-1
-1
-1
-1
-1
-1
-1
-1
-1
-1
-1
-1
-1
-1
-1
-1
-1
-1
-1
-1
-1
-1
-1
-1
-1
-1
-1
-1
-1
-1
-1
-1
-1
-1
-1
-1
-1
-1
-1
-1
-1
-1
-1
-1
-1
-1
-1
-1
-1
-1
-1
-1
-1
-1
-1
-1
-1
-1
-1
-1
-1
-1
-1
-1
-1
-1
-1
-1
-1
-1
-1
-1
-1
-1
-1
-1
-1
-1
-1
-1
-1
-1
-1
-1
-1
-1
-1
-1
-1
-1
-1
-1
-1
-1
-1
-1
-1
-1
-1
-1
-1
-1
-1
-1
-1
-1
-1
-1
-1
-1
-1
-1
-1
-1
-1
-1
-1
-1
-1
-1
-1
-1
-1
-1
-1
-1
-1
-1
-1
-1
-1
-1
-1
-1
-1
-1
-1
-1
-1
-1
-1
-1
-1
-1
-1
-1
-1
-1
-1
-1
-1
-1
-1
-1
-1
-1
-1
-1
-1
-1
-1
-1
-1
-1
-1
-1
-1
-1
-1
-1
-1
-1
-1
-1
-1
-1
-1
-1
-1
-1
-1
-1
-1
-1
-1
-1
-1
-1
-1
-1
-1
-1
-1
-1
-1
-1
-1
-1
-1
-1
-1
-1
-1
-1
-1
-1
-1
-1
-1
-1
-1
-1
-1
-1
-1
-1
-1
-1
-1
-1
-1
-1
-1
-1
-1
-1
-1
-1
-1
-1
-1
-1
-1
-1
-1
-1
-1
-1
-1
-1
-1
-1
-1
-1
-1
-1
-1
-1
-1
-1
-1
-1
-1
-1
-1
-1
-1
-1
-1
-1
-1
-1
-1
-1
-1
-1
-1
-1
-1
-1
-1
-1
-1
-1
-1
-1
-1
-1
-1
-1
-1
-1
-1
-1
-1
-1
-1
-1
-1
-1
-1
-1
-1
-1
-1
-1
-1
-1
-1
-1
-1
-1
-1
-1
-1
-1
-1
-1
-1
-1
-1
-1
-1
-1
-1
-1
-1
-1
-1
-1
-1
-1
-1
-1
-1
-1
-1
-1
-1
-1
-1
-1
-1
-1
-1
-1
-1
-1
-1
-1
-1
-1
-1
-1
-1
-1
-1
-1
-1
-1
-1
-1
-1
-1
-1
-1
-1
-1
-1
-1
-1
-1
-1
-1
-1
-1
-1
-1
-1
-1
-1
-1
-1
-1
-1
-1
-1
-1
-1
-1
-1
-1
-1
-1
-1
-1
-1
-1
-1
-1
-1
-1
-1
-1
-1
-1
-1
-1
-1
-1
-1
-1
-1
-1
-1
-1
-1
-1
-1
-1
-1
-1
-1
-1
-1
-1
-1
-1
-1
-1
-1
-1
-1
-1
-1
-1
-1
-1
-1
-1
-1
-1
-1
-1
-1
-1
-1
-1
-1
-1
-1
-1
-1
-1
-1
-1
-1
-1
-1
-1
-1
-1
-1
-1
-1
-1
-1
-1
-1
-1
-1
-1
-1
-1
-1
-1
-1
-1
-1
-1
-1
-1
-1
-1
-1
-1
-1
-1
-1
-1
-1
-1
-1
-1
-1
-1
-1
-1
-1
-1
-1
-1
-1
-1
-1
-1
-1
-1
-1
-1
-1
-1
-1
-1
-1
-1
-1
-1
-1
-1
-1
-1
-1
-1
-1
-1
-1
-1
-1
-1
-1
-1
-1
-1
-1
-1
-1
-1
-1
-1
-1
-1
-1
-1
-1
-1
-1
-1
-1
-1
-1
-1
-1
-1
-1
-1
-1
-1
-1
-1
-1
-1
-1
-1
-1
-1
-1
-1
-1
-1
-1
-1
-1
-1
-1
-1
-1
-1
-1
-1
-1
-1
-1
-1
-1
-1
-1
-1
-1
-1
-1
-1
-1
-1
-1
-1
-1
-1
-1
-1
-1
-1
-1
-1
-1
-1
-1
-1
-1
-1
-1
-1
-1
-1
-1
-1
-1
-1
-1
-1
-1
)


// ************************************************************************* //
