/*--------------------------------*- C++ -*----------------------------------*\
| =========                 |                                                 |
| \\      /  F ield         | OpenFOAM: The Open Source CFD Toolbox           |
|  \\    /   O peration     | Version:  2412                                  |
|   \\  /    A nd           | Website:  www.openfoam.com                      |
|    \\/     M anipulation  |                                                 |
\*---------------------------------------------------------------------------*/
FoamFile
{
    version     2.0;
    format      ascii;
    arch        "LSB;label=32;scalar=64";
    class       labelList;
    location    "constant/polyMesh";
    object      owner;
}
// * * * * * * * * * * * * * * * * * * * * * * * * * * * * * * * * * * * * * //


3396
(
314
0
314
0
315
0
262
315
537
316
1
538
316
316
317
263
317
538
264
318
2
318
318
539
319
264
319
320
320
264
320
3
321
3
3
321
4
322
4
4
5
323
5
5
539
324
324
6
7
324
7
7
8
325
325
8
325
9
9
9
326
326
265
10
326
11
11
11
327
327
12
12
328
328
13
328
329
14
329
15
330
15
15
330
16
330
16
16
17
331
17
17
18
331
332
18
19
332
19
19
20
332
333
20
333
21
21
21
334
335
22
22
336
23
23
23
336
336
24
24
337
337
25
337
338
26
338
27
338
27
27
339
28
339
28
28
29
340
29
29
30
340
340
30
31
341
31
31
32
341
342
32
342
33
33
33
342
343
34
34
343
35
35
35
344
344
36
36
344
345
37
345
346
38
347
39
348
39
39
348
40
348
40
40
41
349
41
41
42
349
349
42
43
350
43
43
44
350
350
44
351
45
45
45
351
352
46
46
352
47
47
47
352
540
48
48
265
354
49
354
354
50
355
51
355
51
51
356
52
356
52
52
53
356
53
53
54
265
540
54
55
358
55
55
56
541
360
56
360
57
57
57
266
266
58
58
542
59
59
59
267
267
60
60
543
363
61
363
364
62
364
63
364
63
63
365
64
365
64
64
65
366
65
65
66
366
366
66
67
367
67
67
68
367
368
68
368
69
69
69
369
369
70
70
370
71
71
71
370
371
72
72
371
372
73
372
373
74
543
268
268
543
373
374
374
269
269
270
544
544
375
270
375
271
376
376
75
376
75
377
544
377
378
271
272
545
545
378
76
378
76
379
379
272
380
77
273
546
273
546
380
381
547
274
381
547
548
78
382
382
78
79
383
79
79
383
384
80
80
384
385
81
81
385
275
386
548
386
82
387
82
387
83
83
388
388
276
84
388
85
85
389
389
86
86
87
390
390
87
88
390
88
88
89
391
391
89
90
392
90
90
392
393
91
91
393
394
92
92
394
93
395
93
395
94
396
94
396
95
95
397
397
96
96
398
97
97
398
399
98
98
99
399
400
99
100
400
100
100
101
400
401
101
102
401
102
102
402
402
103
103
402
403
104
104
403
105
404
105
404
106
405
106
405
107
107
406
406
108
108
407
109
109
407
408
110
110
111
408
409
111
112
409
112
112
113
410
410
113
114
411
114
114
411
412
115
115
412
412
116
116
413
117
413
117
414
118
414
118
414
119
119
415
415
120
120
416
121
121
416
417
122
122
123
417
418
123
124
418
124
124
125
419
419
125
126
420
126
126
420
421
127
127
421
422
128
128
422
129
423
129
549
130
424
130
424
131
131
276
276
549
277
550
132
132
277
277
550
551
133
133
278
278
134
134
135
551
425
135
136
425
136
136
137
426
426
137
138
427
138
138
279
279
139
139
552
552
280
280
428
140
140
428
141
429
141
429
142
430
142
430
143
143
553
431
144
144
281
281
282
554
145
145
555
282
146
146
432
283
555
283
284
555
433
556
284
285
556
285
556
557
435
286
435
436
557
436
558
287
558
288
436
147
437
437
147
148
438
438
148
559
438
439
439
149
440
440
288
288
559
289
560
441
289
289
290
441
442
150
150
442
151
151
151
443
443
560
290
444
444
152
152
445
153
445
153
446
154
446
154
155
447
155
290
447
448
156
157
448
157
158
448
449
158
449
450
159
159
450
160
160
160
450
451
161
161
451
162
162
162
452
452
163
163
453
453
164
164
454
165
454
165
455
166
455
166
167
456
167
168
456
457
168
169
457
169
170
458
458
170
459
459
171
171
460
172
172
172
460
460
173
173
461
174
174
174
461
462
175
175
462
462
176
176
463
177
463
177
464
178
464
178
179
465
179
180
465
466
180
181
466
181
182
467
467
182
468
468
183
183
469
184
184
184
469
470
185
185
470
186
186
186
471
471
187
187
472
472
188
188
472
189
473
189
473
190
474
190
191
474
191
192
474
475
192
193
475
193
194
476
476
194
477
477
195
195
478
196
196
196
478
479
197
197
479
198
198
198
480
480
199
199
481
481
200
200
482
201
482
201
483
202
483
202
203
484
203
204
484
484
204
205
485
205
206
485
486
206
486
486
207
207
487
208
208
208
487
488
209
209
488
210
210
210
489
489
211
211
490
490
212
212
491
213
491
213
492
214
492
214
215
493
215
216
493
494
216
217
494
217
218
495
291
218
496
561
561
291
292
496
562
292
292
293
562
563
293
563
294
294
294
564
564
295
295
565
296
296
296
566
567
297
297
567
567
298
299
300
569
300
300
497
301
570
301
301
302
302
302
303
303
304
304
498
304
498
499
499
219
500
305
500
571
220
501
221
501
221
221
502
502
305
306
306
306
572
307
307
308
503
308
308
309
309
222
222
573
223
223
310
574
311
312
312
312
313
313
504
313
224
505
314
224
225
507
225
507
507
226
508
508
227
508
228
509
228
228
509
229
510
229
229
510
511
230
230
511
231
231
512
512
232
232
513
233
233
234
513
514
234
235
514
235
236
515
515
236
237
516
237
516
517
238
518
519
239
519
240
519
240
240
520
241
520
241
241
520
521
242
242
521
243
243
522
522
244
244
523
245
245
246
523
524
246
247
524
247
248
525
525
248
249
526
249
526
527
250
527
528
251
528
252
529
252
252
530
253
531
253
253
531
531
254
254
532
255
255
532
532
256
256
533
257
257
258
533
534
258
259
534
259
260
535
535
260
261
536
261
536
537
1
1
6
2
2
10
13
6
10
353
353
357
357
359
361
361
362
362
75
76
77
78
80
79
83
82
84
423
424
426
427
430
431
432
433
434
147
148
149
150
153
151
155
152
156
495
496
220
499
219
568
568
568
569
497
502
570
219
574
220
220
571
222
572
503
226
223
574
504
505
575
224
226
225
506
575
584
585
585
586
586
588
590
590
590
590
591
591
591
592
592
593
593
593
595
596
597
599
599
599
599
600
600
600
600
601
601
601
602
602
602
603
603
604
604
604
604
605
605
606
606
606
607
608
609
611
611
611
612
612
613
613
614
615
615
615
615
616
616
616
617
617
618
620
620
620
620
621
621
621
622
622
622
623
623
624
624
624
625
625
626
626
627
628
628
631
631
631
631
632
632
632
633
633
634
634
636
636
636
637
637
637
638
638
638
639
639
640
640
643
643
643
643
644
644
645
645
646
646
647
648
648
648
649
649
650
652
652
652
653
653
654
654
655
656
656
656
657
657
658
658
659
661
661
661
661
662
662
662
662
663
663
663
664
664
664
665
665
666
666
666
667
667
667
668
668
669
669
670
671
673
673
673
674
674
675
675
676
677
677
677
677
678
678
678
679
679
680
682
682
682
682
683
683
683
684
684
684
684
685
685
685
686
686
687
688
688
689
690
691
693
693
693
693
694
694
695
695
696
696
697
698
698
698
698
699
699
699
700
700
700
701
702
702
705
705
705
705
706
706
706
707
707
708
708
710
710
710
711
711
712
714
714
714
715
715
716
716
717
718
718
718
719
719
720
720
721
723
723
723
723
724
724
724
725
725
725
726
726
727
727
727
727
728
728
728
729
729
730
730
731
731
732
732
733
734
735
737
737
737
737
738
738
738
738
739
739
739
740
740
740
741
741
742
742
742
743
743
743
744
744
745
745
746
746
748
750
750
750
751
751
752
752
753
754
754
755
755
756
756
757
758
758
758
759
759
760
762
762
762
762
763
763
763
763
764
764
764
765
765
765
766
766
767
767
767
767
768
768
769
769
769
770
771
772
773
775
775
775
776
776
777
777
778
779
779
779
780
780
781
781
783
783
783
784
784
785
787
787
787
787
788
788
789
789
790
790
791
792
792
792
792
793
793
793
794
794
794
795
796
796
799
799
799
799
800
800
800
801
801
802
802
803
803
805
805
806
808
808
808
808
809
809
809
810
810
811
811
813
813
813
814
814
814
815
815
815
816
816
817
817
820
820
820
820
821
821
821
822
822
823
823
824
824
826
826
827
829
829
829
829
830
830
830
831
831
831
831
832
832
834
836
836
836
836
837
837
837
838
838
838
838
839
840
841
843
843
843
843
844
844
844
845
845
846
847
847
848
848
850
852
852
852
852
853
853
853
854
854
854
855
855
855
856
856
856
857
857
858
858
858
858
859
859
860
860
860
861
864
864
864
864
865
865
866
866
867
867
868
869
869
869
870
870
871
871
873
873
873
873
874
874
874
875
875
876
876
876
877
877
878
878
878
879
879
880
882
882
882
882
883
883
883
884
884
885
885
887
887
887
888
888
888
889
889
889
890
890
891
892
894
894
894
894
895
895
896
896
897
897
898
899
899
899
900
900
901
903
903
903
904
904
905
905
906
907
907
907
908
908
909
909
910
911
912
914
914
914
914
915
915
915
916
916
916
916
917
917
917
918
918
918
919
920
920
920
921
921
921
922
922
923
923
926
926
926
926
927
927
927
928
928
929
929
931
931
931
932
932
933
933
935
935
935
935
936
936
936
937
937
938
938
938
938
939
939
939
940
940
941
942
944
944
944
944
945
945
946
946
947
947
948
949
949
949
949
950
950
950
951
951
951
952
953
954
956
956
956
956
957
957
957
958
958
959
959
961
961
961
962
962
963
965
965
965
966
966
967
967
968
969
969
969
970
970
971
971
972
973
973
976
976
976
976
977
977
977
978
978
978
978
979
979
979
980
980
980
981
982
982
982
983
983
983
984
984
985
985
988
988
988
988
989
989
989
990
990
991
991
992
992
994
994
995
995
997
997
997
997
998
998
998
999
999
999
1000
1000
1000
1001
1001
1001
1002
1002
1003
1003
1003
1003
1004
1004
1005
1005
1005
1006
1009
1009
1009
1009
1010
1010
1010
1011
1011
1012
1012
1013
1013
1015
1015
1016
1016
1018
1018
1018
1018
1019
1019
1019
1020
1020
1020
1021
1021
1021
1022
1022
1023
1023
1023
1023
1024
1024
1024
1025
1025
1026
1027
1027
1028
1029
1029
1032
1032
1032
1032
1033
1033
1034
1034
1035
1035
1036
1037
1037
1037
1037
1038
1038
1038
1039
1039
1039
1040
1041
1042
1043
1045
1045
1045
1045
1046
1046
1047
1047
1048
1048
1049
1050
1050
1051
1051
1052
1052
1054
1054
1055
1057
1057
1057
1057
1058
1058
1058
1059
1059
1060
1060
1062
1062
1062
1063
1063
1063
1064
1064
1064
1065
1065
1066
1066
1068
1070
1070
1070
1070
1071
1071
1071
1072
1072
1073
1073
1075
1075
1076
1076
1077
576
576
576
576
577
577
577
577
577
578
578
1077
579
1079
580
1079
581
1080
583
583
583
583
584
584
584
584
315
317
319
593
594
595
596
321
322
322
323
323
6
8
10
327
12
13
13
14
14
329
331
18
333
20
334
334
335
335
22
24
25
25
26
26
339
30
341
32
343
34
36
37
345
37
38
346
346
38
347
347
42
44
351
46
48
353
49
49
50
50
355
357
54
358
358
359
359
56
58
60
61
846
847
848
849
61
363
62
62
365
66
68
369
369
70
370
370
72
73
372
73
74
74
374
375
377
626
627
77
381
641
381
382
382
78
384
659
386
660
82
82
387
84
86
389
87
89
393
393
394
394
93
93
94
396
94
96
398
98
399
99
101
401
105
105
106
405
106
405
406
108
406
110
408
111
410
113
411
117
413
117
118
118
120
122
417
417
418
123
418
125
420
422
129
129
423
130
130
132
862
134
135
137
427
427
880
881
141
429
141
142
142
431
144
146
909
910
434
435
688
689
437
149
439
439
440
440
703
150
721
722
152
444
152
446
447
156
158
449
159
451
451
161
452
452
163
163
164
164
456
168
170
458
459
171
173
461
175
175
176
176
463
463
464
464
180
182
468
183
185
470
471
187
187
188
188
473
192
475
475
476
476
194
195
197
199
480
199
200
200
482
483
204
485
206
207
487
487
488
488
209
211
211
212
212
492
216
494
495
218
924
746
747
497
497
771
772
942
943
220
220
221
501
221
797
503
222
818
971
972
224
506
507
507
508
508
228
509
228
229
229
230
511
232
513
234
236
515
519
519
240
240
520
241
520
241
242
521
244
523
246
248
525
527
252
252
253
531
253
531
254
532
532
256
533
258
535
260
537
264
264
539
265
265
266
543
268
543
544
270
544
545
272
547
276
276
549
277
277
278
551
280
282
555
555
284
556
556
557
559
561
291
293
563
295
567
297
567
298
298
568
299
568
299
569
986
303
305
571
307
1007
309
310
310
311
311
1041
1042
1066
1067
0
1
579
580
581
2
586
587
588
597
598
360
361
832
833
834
362
839
840
841
850
851
608
609
618
75
628
629
630
76
77
891
892
901
432
911
912
670
913
671
433
434
680
690
691
692
147
148
149
732
733
734
735
736
748
760
773
785
219
953
954
963
973
974
975
504
505
506
1027
1028
1029
1030
1031
1043
1055
1068
1080
575
0
2
318
589
319
320
3
321
4
324
325
9
10
11
12
15
330
16
331
332
333
21
22
336
23
24
337
27
28
342
33
34
343
35
344
36
345
39
348
40
349
45
46
47
48
354
355
51
356
52
357
360
57
58
59
362
60
842
63
64
69
70
71
72
672
681
435
436
147
437
438
704
441
713
150
442
151
153
154
447
448
449
159
450
160
161
162
453
454
165
166
459
171
460
172
173
461
174
462
177
178
465
466
183
184
185
186
471
472
189
473
190
474
477
195
478
196
197
198
201
483
202
484
485
486
207
208
209
210
489
490
213
214
495
496
925
934
498
499
955
964
504
288
289
294
295
296
297
300
301
306
307
308
309
312
313
367
368
371
372
373
374
75
76
379
77
380
383
80
384
81
385
386
83
84
85
86
391
392
91
92
395
396
95
397
96
398
97
98
103
104
403
404
107
108
407
109
408
110
409
410
115
116
119
415
120
416
121
122
419
420
127
421
128
422
131
132
133
134
425
426
139
140
428
429
430
143
431
144
145
146
432
433
434
749
761
219
798
807
222
223
226
227
509
510
511
230
231
512
232
233
238
517
518
239
521
242
243
522
244
523
245
524
250
251
529
530
254
255
256
533
257
534
535
536
262
263
541
266
542
267
268
269
545
546
274
547
275
548
278
279
280
553
281
554
286
557
287
558
559
560
565
566
569
570
987
996
573
574
1044
1056
575
0
315
1
316
582
317
3
4
5
6
324
7
8
325
326
327
328
329
15
16
17
18
19
20
336
337
338
27
339
28
29
340
30
31
341
32
39
348
40
41
349
42
43
350
44
351
352
353
51
52
53
54
55
56
360
361
835
363
364
63
365
64
65
366
66
367
67
68
368
610
619
375
376
75
377
378
379
380
642
651
78
79
80
81
387
388
389
87
390
88
391
89
392
90
91
92
399
99
400
100
101
401
102
402
103
403
104
404
111
112
113
114
411
115
412
116
413
414
415
416
123
124
125
126
127
128
423
424
863
872
135
425
136
426
137
138
139
140
893
902
432
147
148
149
441
442
443
444
445
153
446
154
155
156
157
158
453
454
165
455
166
167
456
168
457
169
458
170
177
178
179
465
180
466
181
467
182
468
469
470
189
190
191
192
193
194
477
478
479
480
481
482
201
202
203
204
205
206
489
490
491
213
492
214
215
493
216
494
217
218
774
786
498
219
499
500
501
502
503
819
828
504
505
224
506
225
226
227
513
234
514
235
515
236
237
516
517
238
518
239
246
247
525
248
249
526
250
527
251
528
529
530
258
259
260
261
262
537
263
538
539
540
541
542
270
271
272
273
274
275
549
550
551
552
553
554
282
283
284
285
286
287
288
289
290
291
561
292
562
293
563
564
565
566
300
301
302
303
304
305
571
572
1008
1017
573
574
312
313
1069
314
1081
575
)


// ************************************************************************* //
