/*--------------------------------*- C++ -*----------------------------------*\
| =========                 |                                                 |
| \\      /  F ield         | OpenFOAM: The Open Source CFD Toolbox           |
|  \\    /   O peration     | Version:  2412                                  |
|   \\  /    A nd           | Website:  www.openfoam.com                      |
|    \\/     M anipulation  |                                                 |
\*---------------------------------------------------------------------------*/
FoamFile
{
    version     2.0;
    format      ascii;
    arch        "LSB;label=32;scalar=64";
    class       vectorField;
    location    "constant/polyMesh";
    object      points;
}
// * * * * * * * * * * * * * * * * * * * * * * * * * * * * * * * * * * * * * //


1268
(
(-2 -2 -7)
(-1.32703992011993 -2 -7)
(-2 -1.32703992011993 -7)
(-0.780481410083478 -0.779982953949043 -6.93221910326973)
(-2 -2 -6.34565866714069)
(-1.32683259561459 -2 -6.35379196641489)
(-2 -1.32683230129193 -6.35379209783627)
(-1.00000000000003 -1.00000000000003 -6.00000000000003)
(-0.657875021363012 -2 -7)
(-0.187185848500776 -0.331496164332152 -6.5)
(-1.46549439250521e-14 -2 -7)
(-0.034696472854635 -0.672180154486976 -6.93727230796164)
(-0.659874526710648 -2 -6.35404879498919)
(-2.95985299061478e-06 -2 -6.35332461698378)
(-0.0650472566947825 -0.367166977150318 -6.5)
(0.017764284828582 -0.385592546682381 -6.5)
(-2 -0.657875021363012 -7)
(-0.331478701484867 -0.187221160954339 -6.5)
(-2 -1.46549439250521e-14 -7)
(-0.672059399808377 -0.0347552148715142 -6.93723889623263)
(-2 -0.659874005398727 -6.35404899633159)
(-0.367168443115618 -0.0650744624094688 -6.5)
(-2 -2.38570657523738e-06 -6.35332478854204)
(-0.385590660703932 0.0177218068144167 -6.5)
(-0.260392577113287 -0.260404290075565 -6.5)
(-0.319179749031078 -0.319200357015057 -6.343115201758)
(-2 -2 -5.7059243853244)
(-1.32498428858354 -2 -5.72652544942715)
(-2 -1.32498445094899 -5.72652564262874)
(-1.00000000000003 -1.00000000000003 -5.50000000000003)
(-2 -2 -5.11281060085326)
(-1.32274811686969 -2 -5.13095510154188)
(-2 -1.32274831572337 -5.13095539882188)
(-1.00000000000003 -1.00000000000003 -5.00000000000003)
(-0.658263307830088 -2 -5.72766886142314)
(-3.92567351773041e-06 -2 -5.72655696518178)
(-0.184202077129389 -0.443788122533434 -5.79139319188956)
(0.0124538653648543 -0.485410001773824 -5.79512385358133)
(-0.656130182084883 -2 -5.13242433529634)
(-2.69008197925217e-07 -2 -5.13134254091551)
(-0.191854875564066 -0.459874703187248 -5.12883130692731)
(-0.00224660572473941 -0.498996025610484 -5.13092010223473)
(-2 -0.658262811759843 -5.72766924401849)
(-0.443771951201357 -0.184193102776952 -5.79143199878675)
(-2 -3.53153395522025e-06 -5.72655729151966)
(-0.485396586631712 0.0125109903954753 -5.79526726335338)
(-2 -0.656130199501144 -5.13242483782967)
(-0.459866026158874 -0.191833441526752 -5.12888608206416)
(-2 -3.77655401202933e-06 -5.13134300290968)
(-0.498994067814091 -0.00218435908909496 -5.13102143232269)
(-0.340722048017334 -0.340727246914056 -5.76735687797351)
(-0.352584125694143 -0.352586854966554 -5.12857101697328)
(-2 -2 -4.54598950825953)
(-1.32094741639889 -2 -4.56750158244846)
(-2 -1.32094777674905 -4.56750187937668)
(-1.00000000000003 -1.00000000000003 -4.50000000000003)
(-2 -2 -4.01753366714072)
(-1.31966694271126 -2 -4.03075729696589)
(-2 -1.31966698226468 -4.0307576024446)
(-1.00000000000003 -1.00000000000003 -4.00000000000003)
(-0.654321768632654 -2 -4.56944253233146)
(-1.38855187792496e-07 -2 -4.56868779122027)
(-0.192596382859816 -0.460748425138241 -4.54523951440932)
(-0.00331670256096157 -0.49996411163561 -4.5448043599015)
(-0.653032448860464 -2 -4.03271483381527)
(-2.62544320754133e-06 -2 -4.03234986093945)
(-0.192711240921519 -0.460711574270293 -4.01197390729686)
(-0.00331606783418822 -0.499980034781014 -4.01173542308244)
(-2 -0.654322049486979 -4.56944304288593)
(-0.46074932887029 -0.192592165940599 -4.54529166570584)
(-2 -3.2075340038785e-06 -4.56868834141197)
(-0.499963821397432 -0.00329224440699079 -4.54489868483622)
(-2 -0.653032517831121 -4.03271530965848)
(-0.460726314330483 -0.192727626008436 -4.01202439426973)
(-2 -2.72746644140593e-06 -4.0323504186973)
(-0.499980245583264 -0.00332073688701531 -4.01182776651584)
(-0.353531167823362 -0.353536973987903 -4.54525308142693)
(-0.353547836389199 -0.353558247963728 -4.01204516269101)
(-2 -2 -3.50368487706491)
(-1.31878171856255 -2 -3.51232880861388)
(-2 -1.31878157412188 -3.51232904811189)
(-1.00000000000003 -1.00000000000003 -3.50000000000003)
(-2 -2 -3.00038173342817)
(-1.31833898614822 -2 -3.00426307403112)
(-2 -1.3183388071187 -3.00426327109844)
(-1.00000000000003 -1.00000000000003 -3.00000000000003)
(-0.652239950490749 -2 -3.51380047645995)
(-3.00898854531061e-06 -2 -3.51371199430239)
(-0.192727332869008 -0.460757722987476 -3.50229390412896)
(-0.00326483262245758 -0.499981104972919 -3.50222276473117)
(-0.651799501754325 -2 -3.00520464783708)
(-3.22049175912221e-06 -2 -3.00523612695468)
(-0.19272277014705 -0.460768604018017 -3.00030621018792)
(-0.00323691358763209 -0.499981324802186 -3.00027571943544)
(-2 -0.652239692925062 -3.51380089159479)
(-0.460745650925656 -0.192733254208018 -3.50234299461793)
(-2 -2.68173114213587e-06 -3.51371247723035)
(-0.499980859421928 -0.00327200340721065 -3.50231326842406)
(-2 -0.651799221535528 -3.00520499085441)
(-0.460768543493692 -0.19272290914934 -3.00035516658584)
(-2 -2.91124823805846e-06 -3.00523648031862)
(-0.499981324451838 -0.00323685809393748 -3.00036692265169)
(-0.35354891226969 -0.353557859251851 -3.50233389143291)
(-0.353552975808572 -0.35355379355839 -3.00033268390595)
(-2 -2 -2.50000000000003)
(-1.31808408616057 -2 -2.50130286796807)
(-2 -1.3180840239692 -2.50130301606744)
(-1.00000000000003 -1.00000000000003 -2.50000000000003)
(-2 -2 -2.00000000000003)
(-1.31797885512028 -2 -2.00036331060729)
(-2 -1.31797900374833 -2.00036336902682)
(-1.00000000000003 -1.00000000000003 -2.00000000000003)
(-0.651584952436374 -2 -2.50175448578923)
(5.4586603579924e-07 -2 -2.50180380437543)
(-0.192716291179162 -0.460752777701327 -2.50005329557672)
(-0.00323154908045331 -0.499981133960798 -2.50002669382337)
(-0.651489015800334 -2 -2.00052941231013)
(1.40441152840386e-06 -2 -2.00055812713122)
(-0.192707327714348 -0.460734944850478 -2.00002491069461)
(-0.00323003896602553 -0.499980709284015 -1.99999537090943)
(-2 -0.651585006879901 -2.50175471331116)
(-0.460764732777095 -0.192710711336737 -2.50010407267772)
(-2 3.80366214465961e-07 -2.50180398567242)
(-0.499981394085852 -0.0032238045152515 -2.50011742914014)
(-2 -0.651489521481819 -2.0005294411073)
(-0.460720446416147 -0.192690469456706 -2.00007558973204)
(-2 6.68143167185539e-07 -2.00055805131458)
(-0.499980535477846 -0.00321977056560149 -2.00009179617932)
(-0.353557066241458 -0.353549791511995 -2.50007686492835)
(-0.353556480156748 -0.353550326356964 -2.0000500482305)
(-2 -2 -1.50000000000003)
(-1.31794166055131 -2 -1.50009127934811)
(-2 -1.31794198694034 -1.50009122050064)
(-1.00000000000003 -1.00000000000003 -1.50000000000003)
(-2 -2 -1.00000000000003)
(-1.31792979832439 -2 -1.00001863219415)
(-2 -1.31793020437774 -1.00001839909458)
(-1.00000000000003 -1.00000000000003 -1.00000000000003)
(-0.651450528638974 -2 -1.5001401944886)
(2.18683105024122e-06 -2 -1.50015091196462)
(-0.192695338001911 -0.460719637994577 -1.49997437560796)
(-0.00322468223704917 -0.499980067334714 -1.49995044823999)
(-0.651437255137343 -2 -1.00003008133622)
(2.43649660259621e-06 -2 -1.00003230477644)
(-0.192690788041169 -0.460720312308735 -0.99992402182883)
(-0.00321981388621895 -0.499980534836101 -0.999911481300748)
(-2 -0.65145135640331 -1.50013994946312)
(-0.460719812238144 -0.192694924476326 -1.50002584176109)
(-2 1.04552963594696e-06 -1.50015046328505)
(-0.499980068885512 -0.00322448161527045 -1.50005020140605)
(-2 -0.651438185474357 -1.00002950135784)
(-0.460735109615191 -0.192706935383994 -0.999976070083201)
(-2 1.21015945080259e-06 -1.00003144674352)
(-0.499980711363972 -0.00322970949108833 -1.00000573056811)
(-0.353553958276242 -0.353552810808305 -1.50000141644926)
(-0.353550655983429 -0.353556150748694 -0.99995132744892)
(-2 -2 -0.500000000000033)
(-1.31792631129909 -2 -0.500002416370102)
(-2 -1.31792670204394 -0.500001944432205)
(-1.00000000000003 -1.00000000000003 -0.500000000000032)
(-2 -2 -3.18356452311264e-14)
(-1.31792576404383 -2 -2.05711080180695e-06)
(-2 -1.31792601061956 4.01990726810127e-07)
(-1.00000000000003 -1.00000000000003 -3.2e-14)
(-0.651433595667403 -2 -0.500004389801262)
(2.02207112157681e-06 -2 -0.50000383249842)
(-0.192710115867793 -0.460764980615638 -0.499925124932792)
(-0.00322218214073537 -0.499981403769341 -0.499914656829936)
(-0.65143331376256 -2 -2.34984325347836e-06)
(1.26359441540754e-06 -2 -2.1573479831465e-06)
(-0.192717967309849 -0.460770610130602 2.33535564056196e-05)
(-0.00322588962063531 -0.499981395068223 4.40236409830338e-05)
(-2 -0.651434391704037 -0.500003503494058)
(-0.460753189652807 -0.192715305951386 -0.49997427514423)
(-2 1.00486775664169e-06 -0.500002776014103)
(-0.499981146012593 -0.00322960053202433 -0.500002962960789)
(-2 -0.651433764930921 4.08181686884717e-07)
(-0.460770664838372 -0.192717835614073 -2.22351580897072e-05)
(-2 -3.01383914403277e-06 -1.434249035791e-06)
(-0.499981395954974 -0.00322574147116613 -4.37883629645896e-05)
(-0.3535491903865 -0.353557666645733 -0.49995127930258)
(-0.353553047159536 -0.353553721925552 2.15162281091446e-06)
(0.657875021362985 -2 -7)
(0.356416542783555 -0.666513147845628 -6.99284863812264)
(1.32703992011992 -2 -7)
(1.0879235157991 -0.975958791792258 -6.9961767762309)
(0.659871742895304 -2 -6.35404879514213)
(1.32683120974945 -2 -6.35379195418055)
(0.159700583263612 -0.351402448779034 -6.5)
(0.999999999999968 -1.00000000000003 -6.00000000000003)
(2 -2 -7)
(2 -1.32742357984452 -7)
(2 -2 -6.34565866714069)
(2 -1.32696196298768 -6.35378821030343)
(0.33584488984019 -0.216283012881535 -6.5)
(0.360204087378699 -0.159508931782265 -6.5)
(0.225689732400831 -0.326354315635882 -6.5)
(0.421029573554471 -0.201966799953865 -6.30397362871572)
(0.400605628666067 -0.0116288923803836 -6.5)
(0.465777516103045 0.00482284612997244 -6.30109069880903)
(2 -0.657875100131537 -7)
(2 -0.000863356990708053 -7)
(2 -0.660033808945347 -6.35404483453284)
(2 -0.000276584762602723 -6.35332397342547)
(0.658259499983874 -2 -5.72766897109814)
(1.32498232579042 -2 -5.72652555962637)
(0.173649918007588 -0.447717625660747 -5.78944305558545)
(0.999999999999968 -1.00000000000003 -5.50000000000003)
(0.656126976875825 -2 -5.13242449894654)
(1.32274639668597 -2 -5.13095526728312)
(0.186758086969983 -0.462350629062421 -5.12690299578677)
(0.999999999999968 -1.00000000000003 -5.00000000000003)
(2 -2 -5.7059243853244)
(2 -1.32504055740441 -5.72652116989627)
(2 -2 -5.11281060085326)
(2 -1.32277376802498 -5.13095193201889)
(0.341470870175935 -0.345470678262866 -5.76935574896127)
(0.448471239103681 -0.200168593684388 -5.73120005861145)
(0.491399146618785 -0.000213177741961919 -5.73263827986301)
(0.349108715754508 -0.356506636255045 -5.1184892842041)
(0.45920686113857 -0.195835673374344 -5.1104458114729)
(0.499333565384284 -0.00407072337267824 -5.10819053897456)
(2 -0.658360557082057 -5.72766379963238)
(2 -0.000116996827870808 -5.72655629669649)
(2 -0.656174184091135 -5.1324214677673)
(2 -5.16899231504729e-05 -5.13134209276676)
(0.654319330843306 -2 -4.56944261845841)
(1.32094610477051 -2 -4.56750169568329)
(0.186963455289134 -0.463381924663603 -4.5432920298702)
(0.999999999999968 -1.00000000000003 -4.50000000000003)
(0.653030143063169 -2 -4.03271482651323)
(1.31966581389996 -2 -4.0307573344192)
(0.187058767306981 -0.463353567444094 -4.01124141950038)
(0.999999999999968 -1.00000000000003 -4.00000000000003)
(2 -2 -4.54598950825953)
(2 -1.32095765277489 -4.56749990241228)
(2 -2 -4.01753366714072)
(2 -1.31967038261978 -4.0307566161122)
(0.349740069452351 -0.357058067633618 -4.54078295767616)
(0.459962938984574 -0.195656694333394 -4.53843913823952)
(0.49996888303875 -0.00349436038502004 -4.53740207283328)
(0.349937352941053 -0.356874692205474 -4.01055265736723)
(0.460080277332414 -0.195410320646219 -4.00991072039483)
(0.499981975665359 -0.00333785027433903 -4.009544194739)
(2 -0.65433905137771 -4.56944109001663)
(2 -2.00270135874661e-05 -4.56868756268146)
(2 -0.653037969866194 -4.03271423711526)
(2 -6.41675489199364e-06 -4.03234975945009)
(0.652237409693877 -2 -3.5138004550551)
(1.31878061594554 -2 -3.51232881458452)
(0.187171969299565 -0.463302291623573 -3.50209733317007)
(0.999999999999968 -1.00000000000003 -3.50000000000003)
(0.651796988487272 -2 -3.00520468393143)
(1.31833791420668 -2 -3.00426309457751)
(0.187221468110802 -0.463289685505496 -3.00024158245836)
(0.999999999999968 -1.00000000000003 -3.00000000000003)
(2 -2 -3.50368487706491)
(2 -1.3187826220041 -3.51232858554546)
(2 -2 -3.00038173342817)
(2 -1.31833916096047 -3.00426301225813)
(0.350055045418497 -0.356757228803414 -3.5019386115033)
(0.460134451789943 -0.195282913198562 -3.50179601284978)
(0.499982706602807 -0.00326650992704968 -3.50171714884995)
(0.350098352986674 -0.356714767900364 -3.00020744714432)
(0.460154696667868 -0.19523473070428 -3.00018382422144)
(0.499982966033463 -0.00323354787656663 -3.00017935154129)
(2 -0.652241158236602 -3.51380028468952)
(2 -1.5099844912153e-06 -3.51371193808104)
(2 -0.651799594958935 -3.00520459418586)
(2 -3.19466464968811e-06 -3.00523607338846)
(0.651583084434458 -2 -2.50175456579101)
(1.3180832061002 -2 -2.50130289964212)
(0.187227088015653 -0.463285351207217 -2.50000360034892)
(0.999999999999968 -1.00000000000003 -2.50000000000003)
(0.651488268979133 -2 -2.00052935497196)
(1.31797836406863 -2 -2.00036318876023)
(0.187223984549993 -0.463287700921846 -1.99997377696249)
(0.999999999999968 -1.00000000000003 -2.00000000000003)
(2 -2 -2.50000000000003)
(2 -1.31808411362024 -2.5013028436549)
(2 -2 -2.00000000000003)
(2 -1.31797885664208 -2.00036330129141)
(0.350103638053158 -0.356710969157241 -2.4999861101988)
(0.460156066926111 -0.195231163216458 -2.49997666238564)
(0.499982900256281 -0.0032325027872457 -2.49998175695821)
(0.350097903016022 -0.35671733495643 -1.99995974352321)
(0.460151857104205 -0.195241148111338 -1.9999565961952)
(0.499982717814187 -0.00324216274524817 -1.99996215247723)
(2 -0.651584936670894 -2.50175445070074)
(2 6.08070258747093e-07 -2.50180375138693)
(2 -0.651489011320246 -2.00052938165161)
(2 1.41403314208104e-06 -2.00055807846163)
(0.651450859394521 -2 -1.50013966392957)
(1.31794157373847 -2 -1.50009067797005)
(0.187225487549321 -0.463288478573829 -1.49993578489761)
(0.999999999999968 -1.00000000000003 -1.50000000000003)
(0.651437992674389 -2 -1.00002879452665)
(1.31792992619256 -2 -1.00001725376368)
(0.187230563003732 -0.463283277507947 -0.999902477603148)
(0.999999999999968 -1.00000000000003 -1.00000000000003)
(2 -2 -1.50000000000003)
(2 -1.31794164591297 -1.50009128244197)
(2 -2 -1.00000000000003)
(2 -1.3179297293201 -1.00001854332798)
(0.3500965337008 -0.356719152452669 -1.49993031017644)
(0.460150401000514 -0.195244626139026 -1.49993333782954)
(0.499982649970621 -0.00324548734535529 -1.49994942408762)
(0.350101826452554 -0.356711850841081 -0.999902593607584)
(0.460154064507655 -0.195236101348031 -0.999916619890976)
(0.499982770782966 -0.00323769905053912 -0.999939446463746)
(2 -0.651450481465398 -1.50014015248327)
(2 2.24166339278866e-06 -1.50015081373722)
(2 -0.651437043459701 -1.00002973852567)
(2 2.7380742217354e-06 -1.00003175072208)
(0.65143377212114 -2 -0.500002544649131)
(1.31792631788159 -2 -0.500000430362221)
(0.187234212018679 -0.463276952422213 -0.499905685309827)
(0.999999999999968 -1.00000000000003 -0.500000000000032)
(0.651432411938684 -2 -6.53071062695626e-07)
(1.31792536934232 -2 1.76326121724328e-06)
(0.187236275717605 -0.463283664814536 5.78184489350268e-05)
(0.999999999999968 -1.00000000000003 -3.2e-14)
(2 -2 -0.500000000000033)
(2 -1.31792616030492 -0.500002062775873)
(2 -2 -3.23907567434389e-14)
(2 -1.317925563054 5.21636704594717e-07)
(0.350109539580468 -0.356703492355661 -0.499906207203327)
(0.460159371512362 -0.195224005121883 -0.499919497473943)
(0.499982956664011 -0.00322641084114533 -0.499941359474146)
(0.350111078930396 -0.356702234138007 6.30024872390806e-05)
(0.460160796762691 -0.195220308887327 6.09659801897147e-05)
(0.499983027815229 -0.00322285518301998 4.67653880035814e-05)
(2 -0.651433135856137 -0.500003329681483)
(2 2.70227634847803e-06 -0.500002181182387)
(2 -0.651432682114834 1.32291516839658e-06)
(2 2.16719273077532e-06 3.42805617795912e-06)
(-2 0.657875021362985 -7)
(-0.666175616025869 0.356382677775536 -6.99279692679615)
(-2 1.32703992011992 -7)
(-0.975623628855927 1.08778428009453 -6.99611286069536)
(-2 0.659872201600751 -6.35404889710675)
(-0.351207457117087 0.159592207327246 -6.5)
(-2 1.32683143777722 -6.35379200888258)
(-1.00000000000003 0.999999999999968 -6.00000000000003)
(-0.21500477277719 0.335161753433412 -6.5)
(-0.158688932244363 0.359366046580419 -6.5)
(-0.326222340773173 0.22552100273377 -6.5)
(-0.200536355039068 0.421215600111605 -6.30443379506761)
(-0.00815964665121303 0.398243705741314 -6.5)
(0.00809355782627703 0.46482257697863 -6.30143921345308)
(-2 2 -7)
(-1.3274007960036 2 -7)
(-2 2 -6.34565866714069)
(-1.32695515189069 2 -6.35378857248055)
(-0.657875100131537 2 -7)
(-0.000812093348656728 2 -7)
(-0.660026260533111 2 -6.3540452711099)
(-0.000265145461528102 2 -6.35332416256194)
(-2 0.658259748857343 -5.72766915528691)
(-0.447627828783076 0.173808855487236 -5.78958297810346)
(-2 1.32498234486489 -5.72652569223345)
(-1.00000000000003 0.999999999999968 -5.50000000000003)
(-2 0.656126802715734 -5.13242482042145)
(-0.462286653566757 0.186906280294407 -5.12702616277367)
(-2 1.32274633282735 -5.13095546545091)
(-1.00000000000003 0.999999999999968 -5.00000000000003)
(-0.34504147748328 0.341860767577204 -5.76957680376248)
(-0.199147204652258 0.448870765910766 -5.73138660883148)
(0.0017127237155958 0.491103164781638 -5.73248555983108)
(-0.356282327542373 0.349332822663827 -5.11860394312832)
(-0.195344316041256 0.459403502844061 -5.11052619521461)
(-0.00331641379693169 0.499320598306484 -5.10828303209295)
(-2 2 -5.7059243853244)
(-1.32503902357962 2 -5.72652151069217)
(-2 2 -5.11281060085326)
(-1.32277383043957 2 -5.13095222565481)
(-0.658357697373001 2 -5.72766437229626)
(-0.000117188581174125 2 -5.72655662120564)
(-0.656174483242978 2 -5.13242192292732)
(-5.57820550061955e-05 2 -5.13134250419139)
(-2 0.654319091551209 -4.56944305827569)
(-0.463359253516227 0.187018576191265 -4.54340539377486)
(-2 1.32094608994079 -4.56750195552884)
(-1.00000000000003 0.999999999999968 -4.50000000000003)
(-2 0.653030206878409 -4.03271532341842)
(-0.463354829128112 0.187059813497042 -4.01135962133438)
(-2 1.31966595200273 -4.03075761111958)
(-1.00000000000003 0.999999999999968 -4.00000000000003)
(-0.356984217763648 0.349814399648699 -4.54089656716473)
(-0.19550216536267 0.460027709058521 -4.53853479958223)
(-0.0032485515231152 0.499969789810126 -4.53746785819942)
(-0.356865435764208 0.349948327024889 -4.01067710973642)
(-0.195381385653901 0.460092403287807 -4.01002090079449)
(-0.00328936756383417 0.499982210528494 -4.00962500717969)
(-2 2 -4.54598950825953)
(-1.32095828040672 2 -4.5675000980984)
(-2 2 -4.01753366714072)
(-1.31967069927578 2 -4.03075677996552)
(-0.654340225168522 2 -4.56944144442268)
(-2.43805637774325e-05 2 -4.56868798822959)
(-0.653038906427858 2 -4.03271449613537)
(-1.01370472305036e-05 2 -4.03235011105507)
(-2 0.652237755957453 -3.51380088195639)
(-0.463308923363875 0.18716919250827 -3.50221664407601)
(-2 1.31878084867466 -3.51232905803813)
(-1.00000000000003 0.999999999999968 -3.50000000000003)
(-2 0.651797308726397 -3.00520496029544)
(-0.463289559130652 0.187221783024774 -3.00036063104584)
(-2 1.31833813366673 -3.00426325404287)
(-1.00000000000003 0.999999999999968 -3.00000000000003)
(-0.356759511442707 0.350054421496504 -3.50206680851503)
(-0.195280782604831 0.460135076352339 -3.50191270215462)
(-0.00326038149302168 0.499982718308449 -3.50180475513719)
(-0.35671435519864 0.3500987730082 -3.00033591375659)
(-0.195233845573581 0.460155071143028 -3.00030185856427)
(-0.00323209923676075 0.499982973660108 -3.00026855563012)
(-2 2 -3.50368487706491)
(-1.318782649948 2 -3.51232866229834)
(-2 2 -3.00038173342817)
(-1.31833901969197 2 -3.00426305180985)
(-0.652241522072146 2 -3.51380042927282)
(-4.79326413755111e-06 2 -3.51371215872247)
(-0.651799570525809 2 -3.00520466311791)
(-3.30744015217491e-06 2 -3.00523615698873)
(-2 0.651583039203596 -2.50175466350904)
(-0.463277883604923 0.187231921958627 -2.50012421985811)
(-2 1.31808327528936 -2.50130294666388)
(-1.00000000000003 0.999999999999968 -2.50000000000003)
(-2 0.651487743867472 -2.00052921905783)
(-0.463283372994194 0.18723032863146 -2.00010354845045)
(-2 1.31797819528337 -2.00036309526636)
(-1.00000000000003 0.999999999999968 -2.00000000000003)
(-0.356705488934696 0.350107512271294 -2.50011676700293)
(-0.195226352354687 0.460158378629798 -2.5000988538144)
(-0.0032280893002701 0.499982947280007 -2.50007389630513)
(-0.356712097070201 0.350101577079379 -2.00010013904653)
(-0.19523638852701 0.460153942936975 -2.0000851709396)
(-0.00323796370560982 0.499982769602247 -2.00006174569116)
(-2 2 -2.50000000000003)
(-1.31808400225839 2 -2.5013028669065)
(-2 2 -2.00000000000003)
(-1.31797893531766 2 -2.00036326503737)
(-0.651584954106388 2 -2.50175445969192)
(4.50552404123862e-07 2 -2.50180369339265)
(-0.651489391068242 2 -2.00052926485381)
(8.33628401222316e-07 2 -2.00055783854526)
(-2 0.651449971245017 -1.50013921428503)
(-0.463288485922494 0.187225469802039 -1.50006529532478)
(-2 1.31794119194026 -1.50009043562317)
(-1.00000000000003 0.999999999999968 -1.50000000000003)
(-2 0.651436981687851 -1.00002806807669)
(-0.463287592624848 0.187224250965162 -1.00002793510888)
(-2 1.31792941395558 -1.00001695787748)
(-1.00000000000003 0.999999999999968 -1.00000000000003)
(-0.356719214572891 0.350096471032069 -1.50007364169865)
(-0.195244698301529 0.460150370451614 -1.50006781178421)
(-0.00324559411851084 0.49998264938483 -1.50005158502958)
(-0.356717148310399 0.35009809266739 -1.00004244007569)
(-0.195240956695654 0.460151938089533 -1.00004819039793)
(-0.0032420128398799 0.499982718435355 -1.00003961539718)
(-2 2 -1.50000000000003)
(-1.31794192888048 2 -1.50009121367183)
(-2 2 -1.00000000000003)
(-1.31793016441795 2 -1.00001863815135)
(-0.651451238754172 2 -1.50013993259546)
(1.18440510264547e-06 2 -1.50015047104176)
(-0.651438126588379 2 -1.00002985778774)
(1.2885540137459e-06 2 -1.00003200904305)
(-2 0.65143289154166 -0.500001847723802)
(-0.463284353039037 0.187229543689072 -0.500024486999713)
(-2 1.31792583526161 -0.500000313452945)
(-1.00000000000003 0.999999999999968 -0.500000000000032)
(-2 0.651431914593756 -4.5649144798367e-07)
(-0.463283620219414 0.187236385347238 -5.83713768326259e-05)
(-2 1.31792509586082 1.4781996838183e-06)
(-1.00000000000003 0.999999999999968 -3.2e-14)
(-0.356708916064176 0.350105723003674 -0.500039048405244)
(-0.195228755084945 0.460157085441622 -0.500042316662223)
(-0.00323061269252033 0.499982910688135 -0.500037129433016)
(-0.356702190097036 0.350111123007161 -6.64149980343176e-05)
(-0.19522030433048 0.46016079871757 -6.15316359505876e-05)
(-0.00322283857666227 0.499983027456186 -4.67661891340358e-05)
(-2 2 -0.500000000000033)
(-1.31792669409987 2 -0.500002643841408)
(-2 2 -3.23907567434389e-14)
(-1.31792599646502 2 -7.96876986524631e-07)
(-0.65143437096414 2 -0.500004579565488)
(-2.6696765638e-06 2 -0.500004313653762)
(-0.651433701485963 2 -3.46071579123054e-06)
(-2.91089949468809e-06 2 -3.97222946810325e-06)
(0.230387396661423 0.233016197289041 -7)
(0.691808606380408 0.252968397316294 -7)
(0.253651520951991 0.691796900140461 -7)
(0.89513301112721 0.895101033931382 -6.98679512971964)
(0.255333614074329 0.252584032174904 -6.5)
(0.344923178093802 0.191634047161536 -6.5)
(0.196792421690772 0.340383582205524 -6.5)
(0.999999999999968 0.999999999999968 -6.00000000000003)
(2 0.657875100131511 -7)
(2 1.32656022285381 -7)
(2 0.659702241026407 -6.35405155767824)
(2 1.32667796484876 -6.35379521355942)
(0.65787510013151 2 -7)
(1.32658870265495 2 -7)
(0.659710332187596 2 -6.35405147595233)
(1.3266861277915 2 -6.35379505586195)
(2 2 -7)
(2 2 -6.34565866714069)
(0.340785011435532 0.338438703474096 -5.77843515548116)
(0.450128159385355 0.181492216983192 -5.75938404183905)
(0.183324721179181 0.449039405975543 -5.76014372755549)
(0.999999999999968 0.999999999999968 -5.50000000000003)
(0.353146341388049 0.352400340923462 -5.11466063541063)
(0.461933764721388 0.188643392782034 -5.11252638910825)
(0.189508553870212 0.461553190417527 -5.11256690611387)
(0.999999999999968 0.999999999999968 -5.00000000000003)
(2 0.658156913195723 -5.72767275162283)
(2 1.32491945935085 -5.72652942039658)
(2 0.656080964147759 -5.13242664789297)
(2 1.32271853399555 -5.13095820472306)
(0.658159841382991 2 -5.72767276823562)
(1.32492156632588 2 -5.72652940109241)
(0.656080624771605 2 -5.13242693666392)
(1.32271873489769 2 -5.13095835177283)
(2 2 -5.7059243853244)
(2 2 -5.11281060085326)
(0.353652750083355 0.353431471965236 -4.53778801674892)
(0.462432541582682 0.18958262360846 -4.537541193869)
(0.189854611242764 0.462320460812373 -4.53757336894298)
(0.999999999999968 0.999999999999968 -4.50000000000003)
(0.353580614611547 0.35352624440049 -4.00948225551287)
(0.462427352980717 0.189629892241966 -4.00946050885477)
(0.189691578793724 0.462402025807026 -4.00950290111062)
(0.999999999999968 0.999999999999968 -4.00000000000003)
(2 0.654301342980457 -4.56944370890117)
(2 1.32093513401451 -4.56750325682253)
(2 0.65302439586388 -4.03271526731526)
(2 1.31966214107407 -4.03075795753279)
(0.654300248991812 2 -4.56944409133136)
(1.32093489121326 2 -4.56750349254391)
(0.653023603116187 2 -4.03271562600197)
(1.31966201277303 2 -4.03075817296361)
(2 2 -4.54598950825953)
(2 2 -4.01753366714072)
(0.353557244037096 0.353549525588569 -3.50172426230099)
(0.462415028474815 0.189659940261311 -3.50170523008564)
(0.189668987807823 0.462411282175124 -3.50175192593139)
(0.999999999999968 0.999999999999968 -3.50000000000003)
(0.353554442942539 0.3535523260226 -3.00021515412968)
(0.462409081734681 0.189674452045672 -3.00019268821601)
(0.189676151914016 0.462408383467967 -3.00024040252026)
(0.999999999999968 0.999999999999968 -3.00000000000003)
(2 0.652236136971379 -3.51380055891357)
(2 1.31877964593806 -3.51232900029755)
(2 0.651796878549464 -3.00520465275464)
(2 1.31833772255197 -3.00426311751568)
(0.652235866110871 2 -3.5138008030354)
(1.31877970993513 2 -3.51232914649897)
(0.651796947249156 2 -3.00520473255646)
(1.31833790767172 2 -3.00426315900214)
(2 2 -3.50368487706491)
(2 2 -3.00038173342817)
(0.353555077732287 0.353551691388369 -2.5000199156764)
(0.462409267071733 0.189673904899927 -2.49999719048714)
(0.189677505251584 0.462407824105709 -2.50004935115383)
(0.999999999999968 0.999999999999968 -2.50000000000003)
(0.353554910719066 0.353551858380016 -2.00000371080192)
(0.462411322764898 0.189668787273649 -1.99997958750417)
(0.189672028319996 0.46241002618593 -2.00003426732528)
(0.999999999999968 0.999999999999968 -2.00000000000003)
(2 0.651583096562619 -2.50175451905473)
(2 1.3180831751469 -2.50130288888303)
(2 0.651488271187972 -2.00052931184428)
(2 1.31797835746119 -2.00036316768988)
(0.651583093909667 2 -2.50175441004308)
(1.31808329821166 2 -2.50130280236384)
(0.651487891731012 2 -2.00052901280396)
(1.3179782796768 2 -2.00036296213411)
(2 2 -2.50000000000003)
(2 2 -2.00000000000003)
(0.353552886202785 0.353553882882036 -1.5000018266002)
(0.46241179085734 0.189667631120334 -1.49997237134212)
(0.189667420382158 0.462411877492084 -1.50002850641226)
(0.999999999999968 0.999999999999968 -1.50000000000003)
(0.353551774418125 0.353554994676852 -0.999997385331611)
(0.462409943100209 0.189672230428324 -0.999966714912383)
(0.189668819662228 0.46241130928138 -1.00002182376707)
(0.999999999999968 0.999999999999968 -1.00000000000003)
(2 0.65145090337277 -1.50013954214373)
(2 1.31794159046643 -1.50009057737361)
(2 0.651438184432745 -1.00002819295906)
(2 1.31792997165003 -1.0000167866722)
(0.651450115754635 2 -1.50013923020602)
(1.31794128934063 2 -1.50009043169981)
(0.651437065972422 2 -1.00002875710029)
(1.31792948772788 2 -1.00001743483069)
(2 2 -1.50000000000003)
(2 2 -1.00000000000003)
(0.353552637668271 0.353554131440174 -0.499994159307897)
(0.462407574877784 0.189678114069389 -0.499967536932628)
(0.189674881597022 0.462408865950076 -0.500020256866872)
(0.999999999999968 0.999999999999968 -0.500000000000032)
(0.353553819463091 0.35355294962187 1.75261350245336e-06)
(0.462407036846425 0.189679436461745 2.5998247870383e-05)
(0.189679519738768 0.462407002043515 -2.54676536691454e-05)
(0.999999999999968 0.999999999999968 -3.2e-14)
(2 0.651434266278021 -0.500000725977783)
(2 1.31792647076405 -0.499999066661318)
(2 0.651433052026459 4.4873297916279e-06)
(2 1.31792561134954 4.16857693526049e-06)
(0.651432936755315 2 -0.500003676555217)
(1.31792585917478 2 -0.500001621598696)
(0.651431975790941 2 -3.29965601558617e-06)
(1.31792510121242 2 -2.48034363270402e-06)
(2 2 -0.500000000000033)
(2 2 -3.23907567434389e-14)
(-2 -2 0.499999999999967)
(-1.31792664619828 -2 0.500000837023172)
(-2 -1.31792667223153 0.500000896054165)
(-1.00000000000003 -1.00000000000003 0.499999999999968)
(-2 -2 0.999999999999968)
(-1.31793021755191 -2 1.00001817527697)
(-2 -1.31793010665662 1.00001768184808)
(-1.00000000000003 -1.00000000000003 0.999999999999968)
(-0.651434564537899 -2 0.500002442541138)
(-3.10224592858515e-06 -2 0.500002970395532)
(-0.1927155039586 -0.46075310649255 0.499975561100041)
(-0.00322972743627735 -0.499981145276368 0.500003829146858)
(-0.651438690324606 -2 1.00002967342819)
(-3.39071194101839e-06 -2 1.00003256471291)
(-0.192707220605588 -0.460734989563408 0.999976361950663)
(-0.00322983598442342 -0.499980710550289 1.00000584097858)
(-2 -0.651434558320098 0.500002529189453)
(-0.460765076856069 -0.192709884166973 0.49992801974428)
(-2 -3.01718508817615e-06 0.500002855975592)
(-0.49998140514753 -0.0032219824538574 0.499910901679214)
(-2 -0.651438256444823 1.00002893009181)
(-0.460720476668535 -0.192690396801593 0.999925910532549)
(-2 -2.70829163441318e-06 1.00003165605109)
(-0.499980536790516 -0.00321956344429773 0.999907057803943)
(-0.35355785048111 -0.353549006277847 0.499952324301882)
(-0.353556460658597 -0.353550345817801 0.999951312689089)
(-2 -2 1.49999999999997)
(-1.31794202339267 -2 1.50009153137475)
(-2 -1.31794184513572 1.50009085222834)
(-1.00000000000003 -1.00000000000003 1.49999999999997)
(-2 -2 1.99999999999997)
(-1.31797908262397 -2 2.00036363965241)
(-2 -1.31797887374346 2.0003632058587)
(-1.00000000000003 -1.00000000000003 1.99999999999997)
(-0.651451846122729 -2 1.50014071414837)
(-3.47300982597126e-06 -2 1.50015172565984)
(-0.19269527822991 -0.460719663343744 1.50002486150488)
(-0.00322465419263708 -0.499980067546691 1.50004898403195)
(-0.651489893284283 -2 2.00052997006681)
(6.96445056260341e-08 -2 2.0005587678974)
(-0.19269076970116 -0.460720320179449 2.00007454260338)
(-0.00321995193005539 -0.499980534006943 2.00009021716303)
(-2 -0.651451219181671 1.50013968924061)
(-0.4607198010995 -0.192694951585567 1.49997328180177)
(-2 -2.55332198939001e-06 1.50015060960118)
(-0.499980069082237 -0.00322446084100743 1.4999491058391)
(-2 -0.6514893108204 2.00052927519592)
(-0.460735040279358 -0.192707101229183 2.00002485454898)
(-2 9.07866872552151e-07 2.0005579991874)
(-0.499980710084866 -0.00322991954812443 1.99999530426136)
(-0.353553912524025 -0.353552856560462 1.49999767337479)
(-0.353550563871555 -0.353556242649586 2.00004968114753)
(-2 -2 2.49999999999997)
(-1.31808418436871 -2 2.50130302198636)
(-2 -1.31808396545992 2.50130289309107)
(-1.00000000000003 -1.00000000000003 2.49999999999997)
(-2 -2 3.0003817334281)
(-1.31833901836405 -2 3.0042630691858)
(-2 -1.31833879371706 3.00426310975088)
(-1.00000000000003 -1.00000000000003 2.99999999999997)
(-0.651585364340001 -2 2.50175473887917)
(-3.55125611760162e-06 -2 2.50180405624785)
(-0.192710841645032 -0.460764678289692 2.50010425650958)
(-0.00322393575105315 -0.499981393091533 2.50011700030479)
(-0.651799628206438 -2 3.00520463206908)
(-3.42419827988709e-06 -2 3.00523609438767)
(-0.192723108758317 -0.46076845995336 3.00035649703969)
(-0.00323712047531665 -0.499981322737964 3.00036801644604)
(-2 -0.651584876326085 2.50175449767418)
(-0.460752828515654 -0.19271617044662 2.50005453928011)
(-2 5.50729503154312e-07 2.5018037597344)
(-0.499981134496011 -0.00323144521536966 2.50002504141865)
(-2 -0.6517991858006 3.00520469143586)
(-0.460768673216961 -0.192722604704287 3.00030767208721)
(-2 -2.8629421008925e-06 3.00523613952674)
(-0.499981326624982 -0.00323663400472958 3.00027677007447)
(-0.353549894572413 -0.353556963446381 2.50007782839995)
(-0.353553931844993 -0.353552837527624 3.00033423917053)
(-2 -2 3.50368487706484)
(-1.31878174652087 -2 3.51232873793505)
(-2 -1.31878157242475 3.51232887052007)
(-1.00000000000003 -1.00000000000003 3.49999999999997)
(-2 -2 4.01753366714065)
(-1.31966699553577 -2 4.03075722463488)
(-2 -1.31966697975445 4.0307574500467)
(-1.00000000000003 -1.00000000000003 3.99999999999997)
(-0.652240060959387 -2 3.51380034134192)
(-3.18689267551962e-06 -2 3.51371185645923)
(-0.192734514337065 -0.460745124056089 3.5023448500518)
(-0.00327391170687936 -0.499980846629378 3.50231576926828)
(-0.653032695406994 -2 4.03271470409044)
(-3.0129620536746e-06 -2 4.0323497304203)
(-0.192738090726288 -0.460721943484974 4.01202603339693)
(-0.00333012778120059 -0.499980189452656 4.01183223472715)
(-2 -0.652239689302337 3.51380057556382)
(-0.460757947626754 -0.192726795755722 3.50229427141327)
(-2 -2.67787120328365e-06 3.51371211253306)
(-0.499981111391126 -0.00326378675506153 3.50222202976969)
(-2 -0.653032516212398 4.03271503839411)
(-0.460713028826347 -0.192707748544041 4.01197232223931)
(-2 -2.72887343940108e-06 4.03235010271796)
(-0.499980028963492 -0.00331474115901395 4.0117309754279)
(-0.353558481372281 -0.353548289913075 3.50233479370374)
(-0.353560612075884 -0.353545471762878 4.01204525779668)
(-2 -2 4.54598950825947)
(-1.32094748512469 -2 4.56750155078514)
(-2 -1.32094777275842 4.56750176889528)
(-1.00000000000003 -1.00000000000003 4.49999999999997)
(-2 -2 5.11281060085321)
(-1.32274814299056 -2 5.13095511849482)
(-2 -1.32274831195788 5.13095533267413)
(-1.00000000000003 -1.00000000000003 4.99999999999997)
(-0.654322080111319 -2 4.56944246781223)
(-3.27088915119779e-06 -2 4.56868772095766)
(-0.192605075221196 -0.460743977684169 4.54528886413975)
(-0.00332389403239023 -0.499963736590509 4.54489938890834)
(-0.656130396517456 -2 5.13242435296545)
(-3.94394443792642e-06 -2 5.13134254556763)
(-0.191851458332706 -0.459858859986107 5.12887057075352)
(-0.00224881157011595 -0.498995089720078 5.13099513482988)
(-2 -0.654322046245634 4.569442847241)
(-0.46075354032422 -0.192584011927724 4.54523787246503)
(-2 -3.20791404242447e-06 4.56868811325668)
(-0.49996419168171 -0.00328584002102666 4.54479961460866)
(-2 -0.656130196164209 5.1324247210846)
(-0.459885587287223 -0.191828137391943 5.12883697105889)
(-2 -3.77662137807623e-06 5.13134286687169)
(-0.498995036755855 -0.00218038699065032 5.13093431241325)
(-0.353543037200634 -0.353525104709453 4.54525107161222)
(-0.352596518427629 -0.352574624464492 5.12856361409469)
(-2 -2 5.70592438532436)
(-1.3249842866163 -2 5.72652548316778)
(-2 -1.3249844482159 5.72652561068397)
(-1.00000000000003 -1.00000000000003 5.49999999999997)
(-2 -2 6.34565866714068)
(-1.32683259276222 -2 6.35379199079163)
(-2 -1.326832300017 6.35379208648972)
(-1.00000000000003 -1.00000000000003 5.99999999999997)
(-0.658263378077442 -2 5.72766892228012)
(-4.06841105080563e-06 -2 5.72655701947704)
(-0.184213088989081 -0.443765151752259 5.79141136452434)
(0.0124431533562537 -0.485411929088882 5.79516479135532)
(-0.659874533587164 -2 6.35404883919542)
(-2.98181618433619e-06 -2 6.35332466701877)
(-0.0650743573323619 -0.367167543290023 6.5)
(0.0177226148798543 -0.385590848055664 6.5)
(-2 -0.658262809343363 5.72766918797752)
(-0.443796926661642 -0.184179711919104 5.7913973754598)
(-2 -3.5315377131128e-06 5.72655722632332)
(-0.485392628383199 0.0125267225707792 5.79521245914948)
(-2 -0.659874004259581 6.35404897645187)
(-0.367171365462368 -0.0650368798674551 6.5)
(-2 -2.38570499976538e-06 6.35332476545165)
(-0.385586619904901 0.0177789323910959 6.5)
(-0.340736968361412 -0.340713493913231 5.76734777834832)
(-0.319202817944831 -0.319174781151176 6.3431194612449)
(-2 -2 7)
(-1.32703992011993 -2 7)
(-2 -1.32703992011993 7)
(-0.779987591948334 -0.780480864291187 6.93221980750805)
(-0.657875021363014 -2 7)
(-1.55986334959834e-14 -2 7)
(-0.187219915289541 -0.331477241389735 6.5)
(-0.0347280781111542 -0.672170880146401 6.93726586646436)
(-2 -0.657875021363014 7)
(-0.331493029938571 -0.187178322587185 6.5)
(-2 -1.55986334959834e-14 7)
(-0.672103674482309 -0.0346905967930165 6.93724968684595)
(-0.260406237000537 -0.260387451361954 6.5)
(0.651432743784386 -2 0.500003384923553)
(1.31792591978793 -2 0.500001880914133)
(0.187229496054824 -0.463284372224294 0.500024454793661)
(0.999999999999968 -1.00000000000003 0.499999999999968)
(0.651436437522349 -2 1.00002990727749)
(1.31792937140491 -2 1.00001844137493)
(0.187224242066495 -0.463287596126938 1.00002737704978)
(0.999999999999968 -1.00000000000003 0.999999999999968)
(2 -2 0.499999999999967)
(2 -1.31792645058728 0.500001423977396)
(2 -2 0.999999999999968)
(2 -1.31793005793887 1.00001850655345)
(0.350105713491999 -0.356708925604478 0.500038399811042)
(0.46015709148299 -0.195228740906269 0.500041607368157)
(0.499982911052878 -0.00323060031713741 0.500036758333993)
(0.350098126133709 -0.356717115240585 1.00004130984853)
(0.460151969126648 -0.19524088317171 1.00004437104962)
(0.499982719173141 -0.00324194265296783 1.00003876564099)
(2 -0.651433982953122 0.500004084847972)
(2 -2.27756269894305e-06 0.500005750511769)
(2 -0.651438207290909 1.00003063555935)
(2 -2.69056114305582e-06 1.00003431863718)
(0.651449453658391 -2 1.50014070946804)
(1.31794110847756 -2 1.50009151789621)
(0.18722548399977 -0.463288480099971 1.50006380736855)
(0.999999999999968 -1.00000000000003 1.49999999999997)
(0.651487336671802 -2 2.0005300030902)
(1.31797807201509 -2 2.00036366887183)
(0.187230296851858 -0.463283385923432 2.00009921439874)
(0.999999999999968 -1.00000000000003 1.99999999999997)
(2 -2 1.49999999999997)
(2 -1.31794183855557 1.50009161890624)
(2 -2 1.99999999999997)
(2 -1.31797884680448 2.00036362751577)
(0.350096522588311 -0.356719163425492 1.50006945467203)
(0.460150393058852 -0.195244644883214 1.50006659824427)
(0.499982649662783 -0.00324555064087644 1.5000508170936)
(0.350101579275985 -0.356712094370323 2.00009883968464)
(0.460153942300382 -0.195236390339547 2.00008449291029)
(0.499982769487206 -0.00323793544846727 2.0000614875041)
(2 -0.651451212347266 1.50014102680383)
(2 -2.54800104931346e-06 1.50015234266915)
(2 -0.651489075457513 2.00052998244719)
(2 -2.34331234512788e-06 2.00055882156517)
(0.651582648959643 -2 2.50175480069313)
(1.31808308421691 -2 2.50130308690182)
(0.187231801045359 -0.463277932930502 2.50012366434124)
(0.999999999999968 -1.00000000000003 2.49999999999997)
(0.651796849269471 -2 3.00520466996464)
(1.31833787279505 -2 3.0042631137724)
(0.187221342161874 -0.463289738401102 3.00036176202948)
(0.999999999999968 -1.00000000000003 2.99999999999997)
(2 -2 2.49999999999997)
(2 -1.31808402960115 2.50130298132447)
(2 -2 3.0003817334281)
(2 -1.31833916758328 3.00426298879506)
(0.350107430250804 -0.356705569484428 2.50011654961169)
(0.460158345335437 -0.195226431296604 2.50010189152556)
(0.499982946998646 -0.00322814371331095 2.5000771384564)
(0.350098289919544 -0.356714831231579 3.00033746021884)
(0.46015472765979 -0.195234657562587 3.00030375462274)
(0.499982967750893 -0.00323324783907363 3.0002702434943)
(2 -0.651584697160126 2.50175466473825)
(2 9.17266006933844e-07 2.50180398945502)
(2 -0.651799579041419 3.00520453338441)
(2 -2.29729166544571e-08 3.00523605063404)
(0.652237278929664 -2 3.51380036754065)
(1.31878056857329 -2 3.51232877486652)
(0.18716640693717 -0.463310055175055 3.50222017070274)
(0.999999999999968 -1.00000000000003 3.49999999999997)
(0.653029857703038 -2 4.03271474086549)
(1.31966570562358 -2 4.03075729089654)
(0.187050296432097 -0.463358722422369 4.01136832997003)
(0.999999999999968 -1.00000000000003 3.99999999999997)
(2 -2 3.50368487706484)
(2 -1.31878272933403 3.51232851673296)
(2 -2 4.01753366714065)
(2 -1.31967047211903 4.03075656442826)
(0.350051008043824 -0.356762871796431 3.50207184312349)
(0.460132605209773 -0.195286628188079 3.50191828313787)
(0.499982669870886 -0.00326915890625034 3.50180980674002)
(0.349933252065699 -0.356880323310873 4.01068990188729)
(0.460078694637009 -0.195413892285533 4.0100365426571)
(0.499981941975956 -0.00333905000002172 4.00963931503392)
(2 -0.652241473586263 3.5138001552402)
(2 -1.94816733370147e-06 3.51371181763656)
(2 -0.653038318218249 4.03271414737401)
(2 -6.94493704823018e-06 4.03234963699239)
(0.654318942864502 -2 4.56944256341724)
(1.3209459460703 -2 4.56750167304313)
(0.186959920707549 -0.463383374407216 4.54341493935438)
(0.999999999999968 -1.00000000000003 4.49999999999997)
(0.656126666938283 -2 5.13242449079072)
(1.32274625643158 -2 5.1309552678636)
(0.186758994742919 -0.462350661247034 5.12700269791216)
(0.999999999999968 -1.00000000000003 4.99999999999997)
(2 -2 4.54598950825948)
(2 -1.32095766344684 4.56749988765351)
(2 -2 5.11281060085321)
(2 -1.32277367971533 5.13095195674489)
(0.349740005775353 -0.357058096581754 4.54091509805034)
(0.459964617208356 -0.195652737087997 4.53856008285791)
(0.499968944407912 -0.00348542922336845 4.5374934415272)
(0.349113676001777 -0.356501671047307 5.11859671375891)
(0.459213248627495 -0.195820922537668 5.1105441295981)
(0.499332980672606 -0.00404470864197161 5.10826463225052)
(2 -0.654339187739356 4.56944105235154)
(2 -2.02801086700756e-05 4.56868749434084)
(2 -0.65617410019023 5.13242148801927)
(2 -5.16554723115973e-05 5.13134209825278)
(0.658259373923004 -2 5.72766900514995)
(1.32498226067601 -2 5.72652558064771)
(0.173643554292902 -0.447726533419317 5.78949780435967)
(0.999999999999968 -1.00000000000003 5.49999999999997)
(0.659871715550317 -2 6.35404883468316)
(1.32683119172794 -2 6.35379197444453)
(0.159670714428664 -0.351409559627536 6.5)
(0.999999999999968 -1.00000000000003 5.99999999999997)
(2 -2 5.70592438532436)
(2 -1.32504036406827 5.72652121524293)
(2 -2 6.34565866714068)
(2 -1.32696154298093 6.353788246474)
(0.341474169662899 -0.345466587342131 5.76941958312045)
(0.448480623895911 -0.200146435160953 5.73125802162772)
(0.491387314529714 -0.000161732162677403 5.73267617533863)
(0.225653888367375 -0.32635526525888 6.5)
(0.421022296354474 -0.201933919136467 6.30408096203732)
(0.465747715973754 0.00489287655707057 6.30108879031899)
(2 -0.658360258600524 5.7276638675079)
(2 -0.000116674238068922 5.72655635239547)
(2 -0.660033298950421 6.35404489060249)
(2 -0.00027570903769001 6.35332402432168)
(0.657875021362983 -2 7)
(1.32703992011992 -2 7)
(0.35638834336279 -0.666506220756353 6.99284635733056)
(1.08790591839771 -0.975947757830273 6.9961751456435)
(2 -2 7)
(2 -1.32742235069907 7)
(0.335816667606837 -0.216280288351753 6.5)
(0.360160714254271 -0.159485833045433 6.5)
(0.400541923382496 -0.0115824551195129 6.5)
(2 -0.657875100131538 7)
(2 -0.000860591413455403 7)
(-2 0.651432796428269 0.500002826761154)
(-0.463276903445929 0.187234332196126 0.499901566975043)
(-2 1.31792591762656 0.500001176908754)
(-1.00000000000003 0.999999999999968 0.499999999999968)
(-2 0.651436959770138 1.00002881450397)
(-0.463283257810249 0.187230611757017 0.999897975652903)
(-2 1.31792958288752 1.0000175375426)
(-1.00000000000003 0.999999999999968 0.999999999999968)
(-0.356703448968541 0.350109583474553 0.499904982632482)
(-0.195224020276197 0.460159365143241 0.499918891032533)
(-0.00322644892133665 0.499982956195304 0.499941331948207)
(-0.356711861787833 0.350101815957078 0.999901093021646)
(-0.195236128269506 0.460154053032129 0.999915788878536)
(-0.00323775192017488 0.499982770650995 0.99993915418351)
(-2 2 0.499999999999967)
(-1.31792666132231 2 0.499999527563439)
(-2 2 0.999999999999968)
(-1.31793011289836 2 1.00001656933069)
(-0.651434395544523 2 0.50000028221098)
(-2.73846663006926e-06 2 0.499999999621976)
(-0.651438089674508 2 1.00002705750899)
(1.27721614245896e-06 2 1.00002938925634)
(-2 0.651450166501202 1.50013959917642)
(-0.463288471643774 0.187225504705719 1.49993431380706)
(-2 1.31794140391136 1.50009071701826)
(-1.00000000000003 0.999999999999968 1.49999999999997)
(-2 0.651487984577958 2.00052926556491)
(-0.463287692128296 0.187224006132018 1.99997332866586)
(-2 1.31797834271927 2.00036315468593)
(-1.00000000000003 0.999999999999968 1.99999999999997)
(-0.356719204149137 0.350096481591897 1.49992622601937)
(-0.195244702459981 0.460150368711416 1.49993220796706)
(-0.00324556585235693 0.499982649457739 1.49994870635381)
(-0.356717371064897 0.350097866365136 1.99995892331251)
(-0.195241263472758 0.46015180837474 1.999952994493)
(-0.00324231951780197 0.499982716645891 1.99996135051415)
(-2 2 1.49999999999997)
(-1.31794188262472 2 1.50009020263794)
(-2 2 1.99999999999997)
(-1.31797895493545 2 2.00036291765724)
(-0.651451195061842 2 1.50013858451315)
(1.22370005554687e-06 2 1.50014933490232)
(-0.651489420953096 2 2.00052879678856)
(8.04968375976051e-07 2 2.00055748076834)
(-2 0.651583174551738 2.50175449844144)
(-0.463285323481237 0.187227156494003 2.50000150516936)
(-2 1.31808333614509 2.50130286583057)
(-1.00000000000003 0.999999999999968 2.49999999999997)
(-2 0.651797344214839 3.0052046822251)
(-0.463289538986974 0.187221828505038 3.0002419687226)
(-2 1.31833814665715 3.00426310417694)
(-1.00000000000003 0.999999999999968 2.99999999999997)
(-0.356710937686558 0.350103669313743 2.49998346993839)
(-0.195231206012005 0.460156048857553 2.4999763639273)
(-0.00323263245155746 0.499982899086473 2.49998132598231)
(-0.35671436688696 0.350098759780983 3.00020719377907)
(-0.195233994908077 0.460155007842217 3.00018314501259)
(-0.00323256627796175 0.499982971011491 3.00017857159904)
(-2 2 2.49999999999997)
(-1.31808405403012 2 2.50130277415068)
(-2 2 3.00038173342811)
(-1.31833906491097 2 3.00426301464628)
(-0.651585052992052 2 2.5017543308388)
(3.35126357404568e-07 2 2.50180359693723)
(-0.651799654250743 2 3.00520460038723)
(-3.40753160089699e-06 2 3.00523609380855)
(-2 0.652237757420776 3.51380057670756)
(-0.463301415604509 0.187174122299619 3.50209500323408)
(-2 1.31878084801847 3.51232888995009)
(-1.00000000000003 0.999999999999968 3.49999999999997)
(-2 0.653030203191586 4.03271505490574)
(-0.463350245471822 0.187066871990581 4.01123260510434)
(-2 1.3196659486181 4.03075746123263)
(-1.00000000000003 0.999999999999968 3.99999999999997)
(-0.356754083036671 0.350058241027744 3.50193489403671)
(-0.195276341426773 0.460137231300463 3.5017913768458)
(-0.00325697203326556 0.499982760253846 3.50171278738759)
(-0.356860371632679 0.349951846478916 4.01053944771106)
(-0.195378035123701 0.460093894263152 4.009895297535)
(-0.00328810707358002 0.499982243839164 4.00952978553941)
(-2 2 3.50368487706484)
(-1.31878267498974 2 3.51232862166772)
(-2 2 4.01753366714066)
(-1.31967071398061 2 4.03075673262435)
(-0.652241569696646 2 3.51380035695629)
(-4.85056733958739e-06 2 3.51371207622456)
(-0.653038933860334 2 4.03271441221789)
(-1.01701364485844e-05 2 4.03235001382023)
(-2 0.654319087755215 4.56944286321602)
(-0.463358066773806 0.187021467767074 4.54327907824478)
(-2 1.32094608577677 4.56750184563755)
(-1.00000000000003 0.999999999999968 4.49999999999997)
(-2 0.656126799272701 5.1324247037502)
(-0.462285918619302 0.18690746465893 5.12691718854522)
(-2 1.32274632902372 5.13095539937785)
(-1.00000000000003 0.999999999999968 4.99999999999997)
(-0.356980013627292 0.349818725541919 4.54075994777755)
(-0.195499207395153 0.460028993622666 4.53840993232439)
(-0.00326557109915774 0.499969695192412 4.53737412723787)
(-0.356283491276479 0.349332274837898 5.11848425629729)
(-0.195352394142023 0.459400351886663 5.11041646581211)
(-0.00335288213959896 0.499321270151081 5.10819912522729)
(-2 2 4.54598950825948)
(-1.32095830157759 2 4.56750005063465)
(-2 2 5.11281060085321)
(-1.32277387921377 2 5.13095218625784)
(-0.654340263196783 2 4.56944136286663)
(-2.44261797415295e-05 2 4.56868789566989)
(-0.656174569197298 2 5.13242185846978)
(-5.58846143617028e-05 2 5.13134243466286)
(-2 0.658259746428665 5.72766909925465)
(-0.447617827688852 0.173822406906908 5.78952270977237)
(-2 1.32498234212608 5.72652566029697)
(-1.00000000000003 0.999999999999968 5.49999999999997)
(-2 0.659872200463461 6.35404887722794)
(-0.351212561205508 0.159635960309032 6.5)
(-2 1.32683143650294 6.35379199753683)
(-1.00000000000003 0.999999999999968 5.99999999999997)
(-0.345035119128096 0.341856761015473 5.76967949108409)
(-0.199174591272452 0.448860578908652 5.73132594550369)
(0.00164949495684116 0.491114734255659 5.73244676780361)
(-0.32621585770157 0.225571266107195 6.5)
(-0.200566869671439 0.421210361045328 6.30450251343761)
(0.00799422492152318 0.464869833349579 6.30133059647241)
(-2 2 5.70592438532436)
(-1.32503912934256 2 5.72652148340295)
(-2 2 6.34565866714068)
(-1.32695539240101 2 6.35378855780025)
(-0.658357882469542 2 5.72766432900266)
(-0.000117411824962826 2 5.72655658061661)
(-0.660026558905369 2 6.3540452501662)
(-0.000265661564796196 2 6.35332414556039)
(-2 0.657875021362983 7)
(-0.665232190677978 0.356091139535928 6.9925605710648)
(-2 1.32703992011992 7)
(-0.97564124632087 1.08783684720559 6.99611512253903)
(-0.215048729401689 0.335209387036397 6.5)
(-0.158711307862318 0.359414274402848 6.5)
(-0.00828381586389652 0.398326419183666 6.5)
(-2 2 7)
(-1.32740150494661 2 7)
(-0.657875100131539 2 7)
(-0.000813688470415075 2 7)
(0.35355413837484 0.353552630727806 0.499994499569937)
(0.462408872863317 0.189674866005062 0.500020334852338)
(0.189678100674565 0.462407579662497 0.499967864828261)
(0.999999999999968 0.999999999999968 0.499999999999968)
(0.353554140165619 0.353552628938457 0.99999444332162)
(0.46241127830472 0.189668896707528 1.00002143098484)
(0.189672152226192 0.462409975052049 0.999966648312843)
(0.999999999999968 0.999999999999968 0.999999999999968)
(2 0.651433317155311 0.500006849882356)
(2 1.31792609692862 0.500004578807955)
(2 0.651436930836765 1.00003227069538)
(2 1.31792950297055 1.00002035968577)
(0.65143293093827 2 0.499999849310005)
(1.31792592560565 2 0.499999189237679)
(0.651437103785324 2 1.00002663661726)
(1.31792955767401 2 1.0000161691611)
(2 2 0.499999999999967)
(2 2 0.999999999999968)
(0.353553022659199 0.353553746425798 1.49999872720086)
(0.462411848776024 0.18966749024886 1.50002813514766)
(0.189667537877959 0.462411829008158 1.4999720184115)
(0.999999999999968 0.999999999999968 1.49999999999997)
(0.353551749721076 0.353555019374785 2.00000342426911)
(0.462409988113725 0.189672120798668 2.00003407845016)
(0.189668637107688 0.462411384080171 1.9999790706745)
(0.999999999999968 0.999999999999968 1.99999999999997)
(2 0.651450059787774 1.50014160209216)
(2 1.3179412969079 1.50009228586755)
(2 0.65148815479144 2.00053009839563)
(2 1.317978320951 2.00036376221234)
(0.651450169106941 2 1.50013846676544)
(1.31794132050817 2 1.50009004474151)
(0.651487859360237 2 2.00052883525647)
(1.31797824351754 2 2.00036290398141)
(2 2 1.49999999999997)
(2 2 1.99999999999997)
(0.353551611803697 0.353555157318815 2.5000197938981)
(0.462407809782 0.189677541905921 2.50004677419)
(0.189673772109499 0.462409321127776 2.49999680496637)
(0.999999999999968 0.999999999999968 2.49999999999997)
(0.353553219597871 0.353553549364734 3.00021532621545)
(0.46240887081684 0.189674966139893 3.00024148791349)
(0.189675521504152 0.462408641980968 3.00019214926497)
(0.999999999999968 0.999999999999968 2.99999999999997)
(2 0.651583319970066 2.50175475003469)
(2 1.31808324882096 2.50130304617381)
(2 0.651796889632762 3.00520468845293)
(2 1.31833771328454 3.0042631429247)
(0.651582994770854 2 2.50175437464473)
(1.31808324044698 2 2.50130280276501)
(0.651796862735341 2 3.00520469129554)
(1.31833786196556 2 3.00426314264719)
(2 2 2.49999999999997)
(2 2 3.0003817334281)
(0.35355810401016 0.353548665646864 3.50172451638239)
(0.46241593182015 0.189657653999769 3.50175500463721)
(0.189670413945612 0.462410731352635 3.50170269960392)
(0.999999999999968 0.999999999999968 3.49999999999997)
(0.353575361971593 0.353531500176413 4.00948253850814)
(0.462427072503286 0.189630500002841 4.00951146059432)
(0.18969084567622 0.46240235677657 4.0094517795368)
(0.999999999999968 0.999999999999968 3.99999999999997)
(2 0.652235805428757 3.51380049149059)
(2 1.3187795224934 3.51232896830321)
(2 0.653024010934421 4.03271515453235)
(2 1.31966199816842 4.03075789938891)
(0.652235818253262 2 3.51380073626659)
(1.31877968461319 2 3.5123291114866)
(0.653023574420562 2 4.03271554447926)
(1.31966199668176 2 4.03075812851579)
(2 2 3.50368487706484)
(2 2 4.01753366714065)
(0.353638697788932 0.353445526727393 4.53778731147342)
(0.462427869065673 0.189594013473112 4.53758992749412)
(0.189842822174869 0.462325298705159 4.53752270600511)
(0.999999999999968 0.999999999999968 4.49999999999997)
(0.353118827203763 0.352427647057233 5.11465648548803)
(0.461920875891983 0.188671743966193 5.11256783827666)
(0.189475769193078 0.461567751760445 5.11252053590331)
(0.999999999999968 0.999999999999968 4.99999999999997)
(2 0.65430113280652 4.56944362981391)
(2 1.32093503614164 4.56750321840821)
(2 0.656080959078302 5.1324266379443)
(2 1.3227185154161 5.13095819732651)
(0.654300207705965 2 4.56944401476475)
(1.3209348664131 2 4.56750345143132)
(0.656080532374679 2 5.13242688207789)
(1.32271867902217 2 5.13095832427192)
(2 2 4.54598950825948)
(2 2 5.11281060085321)
(0.340716909333503 0.338503114311702 5.77841718084145)
(0.450089005949172 0.181550362489388 5.7594120799802)
(0.183260603703772 0.449076776383672 5.76009468976902)
(0.999999999999968 0.999999999999968 5.49999999999997)
(0.255232541943643 0.25267731761772 6.5)
(0.344783323094155 0.191741424091734 6.5)
(0.196615653683936 0.34050692826461 6.5)
(0.999999999999968 0.999999999999968 5.99999999999997)
(2 0.65815717304877 5.72767278108685)
(2 1.32491960717664 5.72652943005692)
(2 0.659702763192739 6.35405158812116)
(2 1.32667844077759 6.35379522288111)
(0.658159643866857 2 5.72767274161527)
(1.32492144551699 2 5.72652938921249)
(0.659710013546403 2 6.35405146739043)
(1.326685841576 2 6.35379505410135)
(2 2 5.70592438532436)
(2 2 6.34565866714067)
(0.229455657779629 0.233918635966065 7)
(0.691487039971791 0.253271498904439 7)
(0.25332928392714 0.692110862283297 7)
(0.894806914258528 0.895572827536741 6.98681191216023)
(2 0.657875100131509 7)
(2 1.32656175928561 7)
(0.657875100131508 2 7)
(1.32658781647619 2 7)
(2 2 7)
(0.352093136802606 -1.27547348708064 -6.51834191668541)
(0.180392422880767 -1.2291343926772 -6.19037804231406)
(0.511935563274993 -0.51624203646219 -6.11561790156744)
(0.352369180941541 -1.25888928362117 -5.78765237871799)
(0.352290398125849 -1.25898445890139 5.78771655154179)
(0.180358865121494 -1.22914038329028 6.19037822409173)
(0.511916401634939 -0.516260411291624 6.1156318702402)
(0.352076812938717 -1.27548162273276 6.51834224013891)
(-1.27548165058264 0.35207674928547 -6.51834224275065)
(-1.22914018155263 0.180358344343716 -6.19037823779642)
(-0.516260455121595 0.51191634282775 -6.11563186300686)
(-1.25898448878624 0.352290340407189 -5.7877165498806)
(0.777381418635268 0.593842022314867 -6.4665493216396)
(0.597088380039776 0.774174698342522 -6.46641539357276)
(-1.2588837556227 0.352379871636816 5.78765268676399)
(-1.22913130345702 0.180412319571135 6.19037789193727)
(1.20253183428896 0.349019711591916 -6.48776814287562)
(1.35743749139081 0.183552235002698 -6.07519988926965)
(0.351574837958788 1.1999006005568 -6.48795054506763)
(0.184271811808878 1.35376965028206 -6.07496732467544)
(-0.516233919866938 0.511946452471757 6.11561924078964)
(1.24214244922825 0.350151041090561 -5.78920203111674)
(-1.27550741018829 0.352204495818366 6.51832909891815)
(0.351225698462943 1.24110311238642 -5.78930806033441)
(1.24210429341728 0.350187474134237 5.78920600536705)
(1.35730902022705 0.183576649252275 6.07519187013869)
(0.35118621941753 1.24113838652471 5.78930454429206)
(0.184245382050995 1.35390024245704 6.07497573132857)
(0.777265328711496 0.593957602911613 6.46654577853853)
(0.596970898898456 0.774288870786255 6.46642070536056)
(1.20243552284982 0.349108615172956 6.48777479862792)
(0.351481688944558 1.19999235341608 6.48794426153608)
(-0.165108243495038 -1.27573897274471 -6.5325443643964)
(-1.27573672554135 -0.165128696601027 -6.5325443643964)
(-0.482460823107647 -0.482482308505575 -6.3125)
(0.197597525654057 -1.30482954151988 -6.54690748741707)
(0.660811974762821 -1.38341713415506 -6.52983998632236)
(0.510693956017818 -0.529988013541244 -6.40161504870937)
(0.195161684395948 -1.23973549480989 -5.88773767443168)
(0.665141375122467 -1.35450988990669 -5.78522784848088)
(0.498178354269473 -0.507434426455077 -5.84592895997309)
(-1.304835054776 0.19757713274144 -6.54690753957183)
(-1.38342156751376 0.660803189639358 -6.52984002255183)
(-0.529996398044595 0.510681904517332 -6.40162407063834)
(-1.23976106697465 0.195096501563067 -5.88777944085013)
(-1.35453709937926 0.665090454974434 -5.78526265745835)
(-0.507438263423211 0.498147182118144 -5.84603178604881)
(0.556020972396158 0.550688583226539 -6.49329647152124)
(1.28432035080884 0.193400358230563 -6.48189246059094)
(1.27861633260598 0.647155198885166 -6.5204535424731)
(0.194746436681659 1.28265350436105 -6.48188744435071)
(0.649056001734452 1.27669351132925 -6.52045838988562)
(1.24659854099647 0.19126966995894 -5.8153076654268)
(1.34539421317487 0.664001045664189 -5.78533099255564)
(0.191889016137277 1.24568790034436 -5.815295011889)
(0.664609255106098 1.34478992812905 -5.7853427735798)
(-0.165128084465542 -1.27573692629806 6.53254436439639)
(-1.27574247402257 -0.165096641034394 6.53254436439639)
(-0.482482225841388 -0.482460708243877 6.3125)
(0.195096918325969 -1.23976111407989 5.88777938899952)
(0.665090488308149 -1.3545370841257 5.78526265764263)
(0.498147215572819 -0.507438246620194 5.84603178685285)
(0.197577459085426 -1.30483513036676 6.54690753794018)
(0.660803223632459 -1.38342155248631 6.52984002226162)
(0.510681937971996 -0.529996381241567 6.40162407144201)
(-1.23973407368488 0.195172247039914 5.88773305853124)
(-1.35450706590668 0.665147548168957 5.78522788270825)
(-0.507431314833232 0.498184549371655 5.84592910877581)
(-1.3048494660103 0.197664333246903 6.54690619060265)
(-1.38343663329408 0.660873914395434 6.52983856212598)
(-0.530002841602179 0.51074473233719 6.40161519751121)
(1.24656571700494 0.191290670015685 5.81530726093713)
(1.34537201664692 0.664021666366175 5.78533143413868)
(0.191866264059465 1.24571940239969 5.81529550095064)
(0.664586911659405 1.34481042017108 5.78534238290899)
(0.555826515729387 0.550874006419008 6.49329664838991)
(1.28425991287849 0.193447260025277 6.48189232425273)
(1.27854656024054 0.64722308133929 6.52045385373821)
(0.19469733835377 1.28271197463337 6.48188765666287)
(0.648987266313358 1.27676224425736 6.52045829271123)
)


// ************************************************************************* //
