/*--------------------------------*- C++ -*----------------------------------*\
| =========                 |                                                 |
| \\      /  F ield         | OpenFOAM: The Open Source CFD Toolbox           |
|  \\    /   O peration     | Version:  2412                                  |
|   \\  /    A nd           | Website:  www.openfoam.com                      |
|    \\/     M anipulation  |                                                 |
\*---------------------------------------------------------------------------*/
FoamFile
{
    version     2.0;
    format      ascii;
    arch        "LSB;label=32;scalar=64";
    class       labelList;
    location    "constant/polyMesh";
    object      neighbour;
}
// * * * * * * * * * * * * * * * * * * * * * * * * * * * * * * * * * * * * * //


7356
(
1
31
711
2229
2230
2260
2
30
192
336
3
191
711
4
30
5
31
711
6
78
710
7
77
659
8
76
658
9
75
607
10
74
606
11
555
12
74
554
13
73
503
14
67
502
15
66
451
16
42
450
17
41
399
18
398
19
41
2054
20
40
1158
21
39
1159
22
38
1160
23
37
105
24
36
106
25
107
26
36
340
27
35
339
28
34
338
29
33
337
30
32
336
31
32
78
33
2253
2260
34
83
2171
35
85
2162
36
91
2270
37
341
38
91
104
39
1020
1161
40
1021
2354
41
43
2056
42
2053
43
66
2047
44
57
63
45
50
52
46
1021
1023
47
1019
1167
2097
48
50
1168
2323
49
835
1915
2323
50
63
2325
51
52
2324
2325
53
57
54
56
2061
55
2062
2324
56
59
2063
57
2064
58
62
59
61
2048
60
2049
61
2050
2324
62
2051
63
2325
64
65
1915
2040
66
68
2024
67
2025
68
73
2022
69
1916
2022
70
72
1931
71
1917
1924
72
1921
1923
73
75
1930
74
2021
75
2020
76
1938
77
1920
2239
78
784
2232
79
2230
80
2253
2254
81
783
2255
82
2253
2256
83
1535
2257
84
2170
85
1013
2169
86
1014
2161
87
92
94
88
1014
1016
2139
89
1017
1019
2137
90
92
103
91
102
1020
92
100
93
94
100
103
95
99
96
98
2134
97
103
2135
98
101
2136
99
2133
100
101
2269
101
102
102
104
103
105
341
1161
2130
106
1040
1160
107
341
343
108
340
109
331
343
110
330
344
111
321
345
112
320
346
113
311
347
114
310
348
115
301
349
116
300
350
117
291
351
118
290
352
119
281
353
120
280
354
121
271
355
122
270
356
123
261
357
124
260
358
125
251
359
126
250
360
127
241
361
128
240
362
129
231
363
130
230
364
131
221
365
132
220
366
133
161
367
134
160
135
367
2302
136
368
1355
137
369
1198
138
370
1197
139
371
749
140
372
748
141
373
142
424
748
143
425
747
144
476
746
145
477
745
146
528
744
147
529
743
148
580
149
581
743
150
632
742
151
633
741
152
684
740
153
685
739
154
736
738
155
167
156
166
738
157
165
986
158
164
987
159
163
1478
160
162
1477
161
2302
162
220
2301
163
219
1475
164
218
1481
165
217
1492
166
216
1500
167
215
737
168
736
169
215
735
170
214
734
171
213
733
172
212
732
173
211
731
174
210
730
175
209
729
176
208
728
177
207
727
178
206
726
179
205
725
180
204
724
181
203
723
182
202
722
183
201
721
184
200
720
185
199
719
186
198
718
187
197
717
188
196
716
189
195
715
190
194
714
191
193
713
192
712
193
335
2229
194
326
2175
195
325
2176
196
316
2177
197
315
2178
198
306
2179
199
305
2180
200
296
2181
201
295
2182
202
286
2183
203
285
2184
204
276
2185
205
275
2186
206
266
2187
207
265
2188
208
256
2189
209
255
2190
210
246
2191
211
245
2192
212
236
2193
213
235
2194
214
226
2195
215
225
1716
216
1717
217
225
1499
218
224
1498
219
223
1450
220
222
1466
221
2300
222
230
2299
223
229
1783
224
228
1447
225
227
1719
226
1718
227
235
1721
228
234
1720
229
233
1446
230
232
1782
231
2298
232
240
2297
233
239
1781
234
238
1445
235
237
1723
236
1722
237
245
1725
238
244
1724
239
243
1444
240
242
1780
241
2296
242
250
2295
243
249
1779
244
248
1443
245
247
1727
246
1726
247
255
1729
248
254
1728
249
253
1442
250
252
1778
251
2294
252
260
2293
253
259
1777
254
258
1441
255
257
1731
256
1730
257
265
1733
258
264
1732
259
263
1440
260
262
1776
261
2292
262
270
2291
263
269
1775
264
268
1439
265
267
1735
266
1734
267
275
1737
268
274
1736
269
273
1438
270
272
1774
271
2290
272
280
2289
273
279
1773
274
278
1437
275
277
1739
276
1738
277
285
1741
278
284
1740
279
283
1436
280
282
1772
281
2288
282
290
2287
283
289
1771
284
288
1435
285
287
1743
286
1742
287
295
1745
288
294
1744
289
293
1434
290
292
1770
291
2286
292
300
2285
293
299
1769
294
298
1433
295
297
1747
296
1746
297
305
1749
298
304
1748
299
303
1432
300
302
1768
301
2284
302
310
2283
303
309
1767
304
308
1431
305
307
1751
306
1750
307
315
1753
308
314
1752
309
313
1430
310
312
1766
311
2282
312
320
2281
313
319
1765
314
318
1429
315
317
1755
316
1754
317
325
1757
318
324
1756
319
323
1428
320
322
1764
321
2280
322
330
2279
323
329
1763
324
328
1427
325
327
1759
326
1758
327
335
2174
328
334
1760
329
333
1761
330
332
1762
331
2278
332
340
342
333
339
2277
334
338
2152
335
337
2172
336
2173
337
2260
338
2166
339
2163
340
2271
341
342
2273
343
2130
2276
2278
344
1040
345
1041
2278
346
1042
2279
347
1043
2280
348
1044
2281
349
1045
2282
350
1046
2283
351
1047
2284
352
1048
2285
353
1049
2286
354
1050
2287
355
1051
2288
356
1052
2289
357
1053
2290
358
1054
2291
359
1055
2292
360
1056
2293
361
1057
2294
362
1058
2295
363
1059
2296
364
1060
2297
365
1061
2298
366
1062
2299
367
1063
2300
368
2301
369
1063
1354
370
1064
1353
371
1065
1340
372
1066
1328
373
1067
1260
374
424
375
423
1067
376
422
1068
377
421
1075
378
420
1076
379
419
1083
380
418
1084
381
417
1091
382
416
1092
383
415
1099
384
414
1100
385
413
1107
386
412
1108
387
411
1115
388
410
1116
389
409
1123
390
408
1124
391
407
1131
392
406
1132
393
405
1139
394
404
1140
395
403
1147
396
402
1148
397
401
1155
398
400
1156
399
2054
400
450
2053
401
449
1898
402
448
1897
403
447
1892
404
446
1891
405
445
1886
406
444
1885
407
443
1880
408
442
1879
409
441
1874
410
440
1873
411
439
1866
412
438
1865
413
437
1632
414
436
1631
415
435
1626
416
434
1625
417
433
1620
418
432
1619
419
431
1614
420
430
1613
421
429
1602
422
428
1601
423
427
1258
424
426
1259
425
1260
426
476
1271
427
475
1302
428
474
1597
429
473
1600
430
472
1603
431
471
1612
432
470
1615
433
469
1618
434
468
1621
435
467
1624
436
466
1627
437
465
1630
438
464
1633
439
463
1868
440
462
1867
441
461
1872
442
460
1875
443
459
1878
444
458
1881
445
457
1884
446
456
1887
447
455
1890
448
454
1893
449
453
1896
450
452
1906
451
2046
452
502
2030
453
501
2039
454
500
1895
455
499
1894
456
498
1889
457
497
1888
458
496
1883
459
495
1882
460
494
1877
461
493
1876
462
492
1871
463
491
1870
464
490
1869
465
489
1634
466
488
1629
467
487
1628
468
486
1623
469
485
1622
470
484
1617
471
483
1616
472
482
1611
473
481
1604
474
480
1605
475
479
1596
476
478
1290
477
2352
478
528
973
479
527
1595
480
526
1594
481
525
1606
482
524
1609
483
523
1610
484
522
1641
485
521
1640
486
520
1639
487
519
1638
488
518
1637
489
517
1636
490
516
1635
491
515
1976
492
514
1977
493
513
1984
494
512
1985
495
511
1992
496
510
1993
497
509
2000
498
508
2001
499
507
2008
500
506
2009
501
505
2016
502
504
2017
503
2022
504
554
2021
505
553
2018
506
552
2015
507
551
2010
508
550
2007
509
549
2002
510
548
1999
511
547
1994
512
546
1991
513
545
1986
514
544
1983
515
543
1978
516
542
1975
517
541
1700
518
540
1699
519
539
1692
520
538
1691
521
537
1682
522
536
1681
523
535
1642
524
534
1643
525
533
1608
526
532
1607
527
531
1593
528
530
971
529
972
530
580
1590
531
579
1591
532
578
1592
533
577
1646
534
576
1645
535
575
1644
536
574
1679
537
573
1680
538
572
1683
539
571
1690
540
570
1693
541
569
1698
542
568
1701
543
567
1974
544
566
1979
545
565
1982
546
564
1987
547
563
1990
548
562
1995
549
561
1998
550
560
2003
551
559
2006
552
558
2011
553
557
2014
554
556
2019
555
2020
556
606
557
605
558
604
559
603
560
602
561
601
562
600
563
599
564
598
565
597
566
596
567
595
568
594
569
593
570
592
571
591
572
590
573
589
574
588
575
587
576
586
577
585
578
584
579
583
580
582
581
582
632
1590
583
631
1591
584
630
1592
585
629
1646
586
628
1645
587
627
1644
588
626
1679
589
625
1680
590
624
1683
591
623
1690
592
622
1693
593
621
1698
594
620
1701
595
619
1974
596
618
1979
597
617
1982
598
616
1987
599
615
1990
600
614
1995
601
613
1998
602
612
2003
603
611
2006
604
610
2011
605
609
2014
606
608
2019
607
2020
608
658
1941
609
657
1943
610
656
2013
611
655
2012
612
654
2005
613
653
2004
614
652
1997
615
651
1996
616
650
1989
617
649
1988
618
648
1981
619
647
1980
620
646
1973
621
645
1702
622
644
1697
623
643
1694
624
642
1689
625
641
1684
626
640
1685
627
639
1678
628
638
1675
629
637
1674
630
636
1647
631
635
1648
632
634
1650
633
1587
634
684
1576
635
683
1661
636
682
1671
637
681
1672
638
680
1673
639
679
1676
640
678
1677
641
677
1686
642
676
1687
643
675
1688
644
674
1695
645
673
1696
646
672
1703
647
671
1972
648
670
1971
649
669
1970
650
668
1969
651
667
1968
652
666
1967
653
665
1966
654
664
1965
655
663
1964
656
662
1963
657
661
1962
658
660
1954
659
2249
660
710
2236
661
709
2227
662
708
2226
663
707
2223
664
706
2222
665
705
2219
666
704
2218
667
703
2215
668
702
2214
669
701
2211
670
700
2210
671
699
2207
672
698
2206
673
697
1704
674
696
1705
675
695
1706
676
694
1707
677
693
1708
678
692
1709
679
691
1710
680
690
1711
681
689
1712
682
688
1713
683
687
1670
684
686
1669
685
1564
686
736
1561
687
735
1560
688
734
1715
689
733
1714
690
732
2196
691
731
2197
692
730
2198
693
729
2199
694
728
2200
695
727
2201
696
726
2202
697
725
2203
698
724
2204
699
723
2205
700
722
2208
701
721
2209
702
720
2212
703
719
2213
704
718
2216
705
717
2217
706
716
2220
707
715
2221
708
714
2224
709
713
2225
710
712
2228
711
2230
712
713
2229
714
2175
715
2176
716
2177
717
2178
718
2179
719
2180
720
2181
721
2182
722
2183
723
2184
724
2185
725
2186
726
2187
727
2188
728
2189
729
2190
730
2191
731
2192
732
2193
733
2194
734
2195
735
1716
736
1717
737
738
1500
1561
1717
739
986
740
1505
1561
741
981
1568
742
979
1575
743
976
1586
744
1590
745
972
976
746
973
974
747
1277
1280
748
750
1272
749
1260
750
1197
2351
751
1194
1315
752
1192
1310
753
1280
1281
754
813
1191
1293
755
812
974
1595
756
811
969
2345
757
810
964
978
758
809
979
1663
759
808
980
1669
760
982
1512
1559
761
808
1513
1558
762
807
1514
1557
763
806
1515
1556
764
805
1516
1555
765
804
1517
1554
766
803
1518
1553
767
802
1519
1552
768
801
1520
1551
769
800
1521
1550
770
799
1522
1549
771
798
1523
1548
772
797
1524
1547
773
796
1525
1546
774
795
1526
1545
775
794
1527
1544
776
793
1528
1543
777
792
1529
1542
778
791
1530
1541
779
790
1531
1540
780
789
1532
1539
781
788
1533
1538
782
787
1534
1537
783
786
1535
1536
784
2259
785
2233
786
1920
2234
787
1919
2227
788
840
2226
789
841
2223
790
842
2222
791
843
2219
792
844
2218
793
845
2215
794
846
2214
795
847
2211
796
848
2210
797
849
2207
798
850
2206
799
851
1704
800
852
1705
801
853
1706
802
854
1707
803
855
1708
804
856
1709
805
857
1710
806
858
1711
807
859
1712
808
860
1713
809
1670
810
860
1671
811
861
961
812
862
961
813
863
1594
814
864
1596
815
1189
1191
1598
816
864
1188
1599
817
865
1187
2313
818
872
1186
2312
819
873
1185
2311
820
880
1184
2310
821
881
1183
2309
822
888
1182
2308
823
889
1181
2307
824
896
1180
2306
825
897
1179
2305
826
904
1178
2304
827
905
1177
2303
828
912
1176
2314
829
913
1175
2315
830
920
1174
2316
831
921
1173
2317
832
928
1172
2318
833
929
1171
2319
834
936
1170
2320
835
937
1169
2321
836
1168
2322
837
937
1895
1915
838
938
1916
2016
839
939
1917
2335
840
940
1918
2335
841
1919
1962
842
940
1963
843
933
1964
844
932
1965
845
925
1966
846
924
1967
847
917
1968
848
916
1969
849
909
1970
850
908
1971
851
901
1972
852
900
1703
853
893
1696
854
892
1695
855
885
1688
856
884
1687
857
877
1686
858
876
1677
859
869
1676
860
868
1673
861
1672
862
868
960
863
867
960
864
866
1606
865
1605
866
872
1604
867
871
1609
868
870
959
869
959
870
876
958
871
875
958
872
874
1610
873
1611
874
880
1616
875
879
1641
876
878
957
877
957
878
884
956
879
883
956
880
882
1640
881
1617
882
888
1622
883
887
1639
884
886
955
885
955
886
892
954
887
891
954
888
890
1638
889
1623
890
896
1628
891
895
1637
892
894
953
893
953
894
900
952
895
899
952
896
898
1636
897
1629
898
904
1634
899
903
1635
900
902
951
901
951
902
908
950
903
907
950
904
906
1976
905
1869
906
912
1870
907
911
1977
908
910
949
909
949
910
916
948
911
915
948
912
914
1984
913
1871
914
920
1876
915
919
1985
916
918
947
917
947
918
924
946
919
923
946
920
922
1992
921
1877
922
928
1882
923
927
1993
924
926
945
925
945
926
932
944
927
931
944
928
930
2000
929
1883
930
936
1888
931
935
2001
932
934
943
933
943
934
940
942
935
939
942
936
938
2008
937
1889
938
1894
939
2009
940
941
941
942
2010
2012
2335
943
2005
2007
944
2002
2004
945
1997
1999
946
1994
1996
947
1989
1991
948
1986
1988
949
1981
1983
950
1978
1980
951
1973
1975
952
1700
1702
953
1697
1699
954
1692
1694
955
1689
1691
956
1682
1684
957
1681
1685
958
1642
1678
959
1643
1675
960
1608
1674
961
1607
1647
962
1593
1648
963
964
969
970
964
966
970
1652
965
969
966
968
2340
967
2341
968
970
2342
969
2343
970
971
972
1591
1593
1595
973
1590
2348
974
1278
1595
975
1280
976
2345
2346
977
2347
978
2345
2349
979
2339
980
1574
981
1566
982
1567
983
1509
984
1505
1508
985
1507
1511
986
1505
1506
987
1500
988
1478
1494
989
1495
1511
990
1404
1496
991
1405
1498
1512
992
1406
1513
1719
993
1407
1514
1720
994
1408
1515
1723
995
1409
1516
1724
996
1410
1517
1727
997
1411
1518
1728
998
1412
1519
1731
999
1413
1520
1732
1000
1414
1521
1735
1001
1415
1522
1736
1002
1416
1523
1739
1003
1417
1524
1740
1004
1418
1525
1743
1005
1419
1526
1744
1006
1420
1527
1747
1007
1421
1528
1748
1008
1422
1529
1751
1009
1423
1530
1752
1010
1424
1531
1755
1011
1425
1532
1756
1012
1426
1533
1759
1013
1015
1534
1760
1014
1535
2172
1015
2274
1016
1426
1761
1017
1381
2128
1018
1380
2128
1019
1163
1165
1167
1020
1162
1021
1161
1022
1023
2353
2354
1024
1031
1025
1027
2060
1026
2057
2354
1027
2058
2355
1028
2059
1029
1031
1033
1030
1034
2355
1031
1035
2353
1032
1033
1035
2097
1034
2099
1035
1037
1036
1037
1162
2096
2097
1038
2096
2100
1039
1153
1157
1159
1040
1152
1160
1162
1041
2130
1042
1152
2129
1043
1151
2126
1044
1144
2125
1045
1143
2122
1046
1136
2121
1047
1135
2118
1048
1128
2117
1049
1127
2114
1050
1120
2113
1051
1119
2110
1052
1112
1861
1053
1111
1858
1054
1104
1857
1055
1103
1854
1056
1096
1853
1057
1095
1850
1058
1088
1849
1059
1087
1846
1060
1080
1845
1061
1079
1841
1062
1072
1840
1063
1071
1807
1064
1806
1065
1071
1352
1066
1070
1351
1067
1069
1256
1068
1259
1069
1075
1258
1070
1074
1257
1071
1073
1809
1072
1808
1073
1079
1839
1074
1078
1810
1075
1077
1811
1076
1601
1077
1083
1602
1078
1082
1812
1079
1081
1813
1080
1838
1081
1087
1837
1082
1086
1814
1083
1085
1815
1084
1613
1085
1091
1614
1086
1090
1816
1087
1089
1817
1088
1836
1089
1095
1835
1090
1094
1818
1091
1093
1819
1092
1619
1093
1099
1620
1094
1098
1820
1095
1097
1821
1096
1834
1097
1103
1833
1098
1102
1822
1099
1101
1823
1100
1625
1101
1107
1626
1102
1106
1824
1103
1105
1825
1104
1832
1105
1111
1831
1106
1110
1826
1107
1109
1827
1108
1631
1109
1115
1632
1110
1114
1828
1111
1113
1829
1112
1830
1113
1119
1862
1114
1118
1863
1115
1117
1864
1116
1865
1117
1123
1866
1118
1122
2085
1119
1121
2086
1120
2109
1121
1127
2108
1122
1126
2087
1123
1125
2084
1124
1873
1125
1131
1874
1126
1130
2083
1127
1129
2088
1128
2107
1129
1135
2106
1130
1134
2089
1131
1133
2082
1132
1879
1133
1139
1880
1134
1138
2081
1135
1137
2090
1136
2105
1137
1143
2104
1138
1142
2091
1139
1141
2080
1140
1885
1141
1147
1886
1142
1146
2079
1143
1145
2092
1144
2103
1145
1151
2102
1146
1150
2093
1147
1149
2078
1148
1891
1149
1155
1892
1150
1154
2077
1151
1153
2094
1152
1164
1153
1163
1154
2095
1155
1157
2076
1156
1897
1157
1898
2054
1158
2075
1159
2054
2066
1160
2355
1161
1162
2353
1163
2130
1164
2095
2129
1165
2094
2102
2126
1166
1220
1380
1167
1169
1221
2094
1168
2095
1169
2322
1170
2321
1171
1221
2320
1172
1222
2319
1173
1223
2318
1174
1224
2317
1175
1225
2316
1176
1226
2315
1177
1227
2314
1178
1228
2303
1179
1229
2304
1180
1230
2305
1181
1231
2306
1182
1232
2307
1183
1233
2308
1184
1234
2309
1185
1235
2310
1186
1236
2311
1187
1237
2312
1188
1238
2313
1189
1239
1599
1190
1240
1598
1191
1193
1241
1307
1192
1307
1193
1309
1194
1321
1195
1320
1196
1241
1337
1197
1199
1338
1198
1339
1199
1353
1355
1200
1353
1802
1201
1241
1352
1359
1202
1240
1360
1808
1203
1239
1361
1839
1204
1238
1362
1838
1205
1237
1363
1837
1206
1236
1364
1836
1207
1235
1365
1835
1208
1234
1366
1834
1209
1233
1367
1833
1210
1232
1368
1832
1211
1231
1369
1831
1212
1230
1370
1830
1213
1229
1371
1862
1214
1228
1372
2109
1215
1227
1373
2108
1216
1226
1374
2107
1217
1225
1375
2106
1218
1224
1376
2105
1219
1223
1377
2104
1220
1222
1378
2103
1221
1379
2102
1222
2093
1223
2092
1224
2091
1225
2090
1226
2089
1227
2088
1228
2087
1229
2086
1230
1863
1231
1829
1232
1826
1233
1825
1234
1822
1235
1821
1236
1818
1237
1817
1238
1814
1239
1813
1240
1810
1241
1809
1242
1243
1247
1348
1350
1244
1350
1351
1809
1245
1247
1249
1246
1250
1351
1247
1251
1349
1248
1249
1251
1253
1250
1255
1251
1256
1252
1253
1254
1256
1326
1254
1255
1307
1255
1256
1259
1256
1257
1258
1598
1809
1811
1259
1597
1601
1260
1304
1261
1327
1262
1266
1271
1272
1263
1265
1313
1264
1272
1314
1265
1268
1311
1266
1312
1267
1271
1306
1268
1270
1274
1269
1275
1270
1272
1276
1271
1273
1272
1274
1276
2352
1275
1285
1276
1281
1277
1278
1279
2352
1279
1283
2352
1280
1281
1282
1283
1285
1287
1284
1288
1285
1289
2352
1286
1287
1289
1295
1288
1293
1289
1292
1290
1291
1292
1296
1292
1293
1297
1596
1293
1595
1294
1295
1297
1299
1296
1300
1297
1301
1298
1299
1301
1303
1300
1305
1301
1306
1302
1303
1304
1306
1304
1305
1597
1305
1306
1306
1307
1308
1598
1309
1312
1318
1321
1310
1321
1311
1315
1312
1314
1313
1314
1317
1315
1316
1320
1317
1319
1323
1318
1324
1319
1325
1320
1322
1321
1323
1325
1331
1324
2351
1325
1327
1326
1327
1328
1332
1328
2351
1329
2351
1330
1332
1334
1331
1335
2351
1332
1336
1333
1334
1336
1344
1335
1340
1336
1339
1337
1338
1343
1339
1341
1340
1341
1341
1345
1342
1353
1343
1345
1347
1344
1348
1345
1349
1346
1347
1349
1351
1348
1350
1349
1351
1352
1353
1806
1808
1354
1355
1803
1806
2301
1356
2302
1357
1477
1800
1802
1358
1403
1799
1359
1798
1802
1360
1402
1787
1361
1401
1784
1362
1400
1843
1363
1399
1842
1364
1398
1844
1365
1397
1847
1366
1396
1848
1367
1395
1851
1368
1394
1852
1369
1393
1855
1370
1392
1856
1371
1391
1859
1372
1390
1860
1373
1389
2111
1374
1388
2112
1375
1387
2115
1376
1386
2116
1377
1385
2119
1378
1384
2120
1379
1383
2123
1380
1382
2124
1381
2127
1382
1426
2127
1383
1425
2124
1384
1424
2123
1385
1423
2120
1386
1422
2119
1387
1421
2116
1388
1420
2115
1389
1419
2112
1390
1418
2111
1391
1417
1860
1392
1416
1859
1393
1415
1856
1394
1414
1855
1395
1413
1852
1396
1412
1851
1397
1411
1848
1398
1410
1847
1399
1409
1844
1400
1408
1842
1401
1407
1843
1402
1406
1784
1403
1405
1786
1404
1805
1405
1478
1490
1406
2350
1407
1447
1408
1446
1409
1445
1410
1444
1411
1443
1412
1442
1413
1441
1414
1440
1415
1439
1416
1438
1417
1437
1418
1436
1419
1435
1420
1434
1421
1433
1422
1432
1423
1431
1424
1430
1425
1429
1426
1428
1427
1428
1759
1761
1763
1429
1756
1764
1430
1755
1765
1431
1752
1766
1432
1751
1767
1433
1748
1768
1434
1747
1769
1435
1744
1770
1436
1743
1771
1437
1740
1772
1438
1739
1773
1439
1736
1774
1440
1735
1775
1441
1732
1776
1442
1731
1777
1443
1728
1778
1444
1727
1779
1445
1724
1780
1446
1723
1781
1447
1720
1782
1448
1719
1783
1449
1450
1457
2350
1450
1452
1498
2350
1451
1458
1452
1454
1487
1453
1488
1454
1489
2350
1455
1486
1456
1458
1460
1457
1461
2350
1458
1462
1459
1460
1462
1466
1461
1467
1462
1464
1463
1464
1465
1466
1783
1465
1467
1789
1466
1467
2300
1467
1468
1469
1473
1474
1475
1470
1472
1485
1471
1475
1482
1472
1476
1483
1473
1484
1474
1476
1804
1475
1476
2301
1476
1477
1478
2302
1479
1480
1481
1483
1490
1481
1488
1490
1491
1482
1487
1483
1485
1484
1485
1490
1486
1487
1489
1488
1489
1490
1492
1494
1496
1497
1493
1494
1497
1494
1495
1497
1500
1495
1496
1497
1498
1499
1719
1500
1559
1717
1718
1501
1502
1503
1506
1510
1503
1509
1510
1559
1504
1509
1561
1505
1506
1508
1507
1508
1510
1509
1511
1512
1513
1559
1514
1558
1515
1557
1516
1556
1517
1555
1518
1554
1519
1553
1520
1552
1521
1551
1522
1550
1523
1549
1524
1548
1525
1547
1526
1546
1527
1545
1528
1544
1529
1543
1530
1542
1531
1541
1532
1540
1533
1539
1534
1538
1535
1537
1536
1537
2173
2228
2258
1538
2174
2225
1539
1758
2224
1540
1757
2221
1541
1754
2220
1542
1753
2217
1543
1750
2216
1544
1749
2213
1545
1746
2212
1546
1745
2209
1547
1742
2208
1548
1741
2205
1549
1738
2204
1550
1737
2203
1551
1734
2202
1552
1733
2201
1553
1730
2200
1554
1729
2199
1555
1726
2198
1556
1725
2197
1557
1722
2196
1558
1714
1721
1559
1715
1718
1560
1561
1669
1715
1717
1562
1563
1564
1567
1568
1564
1565
1566
1669
1565
1568
1566
1568
1569
1567
1568
1570
1574
1575
1576
1571
1573
1665
1572
1576
1666
1573
1578
1667
1574
1668
1575
1579
1576
1580
1577
1578
1580
1582
1579
1583
1580
1584
1581
1582
1584
1586
1583
1587
1584
1588
1585
1586
1588
1589
2338
1587
1589
1588
1589
1589
2337
1590
1591
1592
1651
1593
1646
1648
1594
1607
1595
1596
1606
1597
1605
1598
1600
1599
1600
1811
2313
1601
1603
1605
1602
1811
1603
1613
1812
1604
1612
2313
1605
1609
1611
1606
1607
1609
1608
1646
1609
1643
1645
1610
1611
1641
1643
1612
1616
1613
1615
2312
1614
1815
1615
1619
1816
1616
1618
2311
1617
1641
1618
1622
1640
1619
1621
2310
1620
1819
1621
1625
1820
1622
1624
2309
1623
1639
1624
1628
1638
1625
1627
2308
1626
1823
1627
1631
1824
1628
1630
2307
1629
1637
1630
1634
1636
1631
1633
2306
1632
1827
1633
1828
1865
1634
1868
2305
1635
1869
1636
1700
1976
1637
1699
1638
1692
1639
1691
1640
1682
1641
1681
1642
1643
1679
1681
1644
1645
1675
1679
1646
1674
1647
1648
1672
1674
1649
1671
1650
1651
1652
1656
1651
1655
2337
1652
2337
1653
2337
1654
1656
1658
1655
1659
2337
1656
1660
1657
1658
1660
1662
1659
1663
1660
1667
1661
1662
1664
1666
1663
1664
1671
1664
1668
1665
1669
1666
1668
1667
1668
1670
1671
1713
1715
1672
1673
1713
1674
1676
1712
1675
1676
1678
1677
1711
1678
1686
1710
1679
1685
1680
1681
1683
1685
1682
1683
1691
1684
1690
1685
1687
1689
1686
1687
1709
1688
1708
1689
1695
1707
1690
1694
1691
1693
1692
1693
1699
1694
1698
1695
1697
1696
1706
1697
1703
1705
1698
1702
1699
1701
1700
1701
1975
1702
1974
1703
1973
1704
1972
1705
2204
2206
1706
2203
1707
2202
1708
2201
1709
2200
1710
2199
1711
2198
1712
2197
1713
2196
1714
1715
2195
2196
1716
1717
1718
2195
1719
1721
1720
1721
1723
1722
2195
1723
1725
2194
1724
1725
1727
1726
2193
1727
1729
2192
1728
1729
1731
1730
2191
1731
1733
2190
1732
1733
1735
1734
2189
1735
1737
2188
1736
1737
1739
1738
2187
1739
1741
2186
1740
1741
1743
1742
2185
1743
1745
2184
1744
1745
1747
1746
2183
1747
1749
2182
1748
1749
1751
1750
2181
1751
1753
2180
1752
1753
1755
1754
2179
1755
1757
2178
1756
1757
1759
1758
2177
1759
2174
2176
1760
1761
2172
2174
1762
2150
1763
2128
2275
2278
1764
2127
2279
1765
2124
2280
1766
2123
2281
1767
2120
2282
1768
2119
2283
1769
2116
2284
1770
2115
2285
1771
2112
2286
1772
2111
2287
1773
1860
2288
1774
1859
2289
1775
1856
2290
1776
1855
2291
1777
1852
2292
1778
1851
2293
1779
1848
2294
1780
1847
2295
1781
1844
2296
1782
1842
2297
1783
1843
2298
1784
2299
1785
1807
1843
1786
1787
1788
1789
1787
1789
1791
1788
1792
1789
1793
1806
1790
1791
1793
1795
1792
1796
1793
1797
1794
1795
1797
1803
1796
1804
1797
1805
1798
1799
1801
1800
1805
1801
1803
1804
1802
1803
1804
1805
1807
2300
1808
1840
2299
1809
1839
1810
1811
1813
1839
1812
1813
1815
2313
1814
1838
1815
1817
1837
1816
2312
1817
1819
2311
1818
1836
1819
1821
1835
1820
2310
1821
1823
2309
1822
1834
1823
1825
1833
1824
2308
1825
1827
2307
1826
1832
1827
1829
1831
1828
2306
1829
1864
2305
1830
1863
1831
1858
1862
1832
1857
1833
1854
1834
1853
1835
1850
1836
1849
1837
1846
1838
1845
1839
1841
1840
1841
1843
2298
1842
1845
2297
1843
1844
1845
1847
1846
2296
1847
1849
2295
1848
1849
1851
1850
2294
1851
1853
2293
1852
1853
1855
1854
2292
1855
1857
2291
1856
1857
1859
1858
2290
1859
1861
2289
1860
1861
2111
1862
2110
2288
1863
2109
1864
2086
1865
2085
2304
1866
1868
1867
1873
2085
1868
1870
1872
2303
1869
2304
1870
1976
1871
1977
1872
1876
1984
1873
1875
2314
1874
2084
1875
1879
2083
1876
1878
2315
1877
1985
1878
1882
1992
1879
1881
2316
1880
2082
1881
1885
2081
1882
1884
2317
1883
1993
1884
1888
2000
1885
1887
2318
1886
2080
1887
1891
2079
1888
1890
2319
1889
2001
1890
1894
2008
1891
1893
2320
1892
2078
1893
1897
2077
1894
1896
2321
1895
2009
1896
1912
2016
1897
1907
2322
1898
2076
1899
2053
2074
1900
1901
1906
1907
1901
1903
1907
2323
1902
1906
2045
1903
1905
1909
1904
1910
1905
1907
1911
1906
1908
1907
1909
1911
2039
1910
2037
1911
1914
1912
1913
1914
2039
1914
2017
2035
2039
1915
2038
1916
1917
2017
1918
2334
1919
1921
2332
1920
1960
1921
2240
1922
1923
1926
1932
1924
1930
1925
1931
1926
1928
2328
1927
2329
1928
1932
2330
1929
2327
1930
1931
1932
2021
1931
1932
1933
1934
1938
1939
1940
1935
1937
2248
1936
1940
2245
1937
1941
2246
1938
2247
1939
1941
1940
1941
2020
1941
1942
1943
1944
1945
1949
1944
1948
2336
1945
2019
2336
1946
2331
2336
1947
1949
1951
1948
1952
2336
1949
1953
1950
1951
1953
1956
1952
1960
1953
1961
1954
1955
1959
1961
1956
1958
2243
1957
2244
1958
1960
2241
1959
2242
1960
1961
2227
1961
1962
1963
2013
2226
1964
2012
2223
1965
2005
2222
1966
2004
2219
1967
1997
2218
1968
1996
2215
1969
1989
2214
1970
1988
2211
1971
1981
2210
1972
1980
2207
1973
2206
1974
1980
1975
1979
1976
1978
1977
1978
1984
1979
1983
1980
1982
1981
1982
1988
1983
1987
1984
1986
1985
1986
1992
1987
1991
1988
1990
1989
1990
1996
1991
1995
1992
1994
1993
1994
2000
1995
1999
1996
1998
1997
1998
2004
1999
2003
2000
2002
2001
2002
2008
2003
2007
2004
2006
2005
2006
2012
2007
2011
2008
2010
2009
2010
2016
2011
2015
2012
2014
2013
2014
2335
2336
2015
2019
2016
2018
2335
2017
2018
2022
2019
2021
2326
2020
2021
2022
2023
2024
2025
2030
2034
2025
2040
2026
2030
2027
2029
2042
2028
2040
2043
2029
2032
2044
2030
2041
2031
2032
2034
2036
2033
2037
2034
2038
2040
2035
2036
2038
2037
2039
2038
2042
2044
2046
2043
2047
2044
2051
2045
2046
2050
2052
2047
2052
2048
2052
2049
2051
2050
2052
2051
2053
2054
2055
2056
2063
2065
2066
2057
2064
2066
2058
2060
2059
2066
2060
2065
2061
2062
2064
2063
2065
2064
2066
2067
2068
2070
2074
2075
2069
2073
2074
2323
2070
2072
2098
2071
2099
2072
2075
2100
2073
2101
2074
2075
2076
2075
2077
2095
2322
2078
2094
2321
2079
2093
2320
2080
2092
2319
2081
2091
2318
2082
2090
2317
2083
2089
2316
2084
2088
2315
2085
2087
2314
2086
2303
2087
2109
2088
2108
2089
2107
2090
2106
2091
2105
2092
2104
2093
2103
2094
2102
2095
2096
2097
2101
2098
2099
2101
2100
2101
2103
2125
2104
2122
2105
2121
2106
2118
2107
2117
2108
2114
2109
2113
2110
2111
2113
2287
2112
2113
2115
2114
2286
2115
2117
2285
2116
2117
2119
2118
2284
2119
2121
2283
2120
2121
2123
2122
2282
2123
2125
2281
2124
2125
2127
2126
2280
2127
2129
2279
2128
2129
2138
2130
2278
2131
2132
2136
2137
2138
2133
2138
2139
2140
2134
2136
2135
2139
2136
2137
2138
2139
2139
2141
2145
2275
2276
2142
2272
2276
2277
2143
2145
2147
2144
2148
2277
2145
2149
2275
2146
2147
2149
2274
2148
2156
2149
2152
2150
2151
2152
2274
2152
2154
2172
2274
2153
2154
2156
2158
2155
2159
2156
2160
2274
2157
2158
2160
2262
2159
2163
2160
2164
2161
2162
2164
2263
2163
2164
2264
2164
2261
2165
2166
2168
2169
2171
2167
2168
2171
2168
2170
2171
2260
2169
2172
2170
2171
2173
2174
2229
2260
2175
2176
2225
2229
2177
2224
2178
2221
2179
2220
2180
2217
2181
2216
2182
2213
2183
2212
2184
2209
2185
2208
2186
2205
2187
2204
2188
2203
2189
2202
2190
2201
2191
2200
2192
2199
2193
2198
2194
2197
2195
2196
2197
2198
2199
2200
2201
2202
2203
2204
2205
2206
2208
2207
2208
2210
2209
2210
2212
2211
2212
2214
2213
2214
2216
2215
2216
2218
2217
2218
2220
2219
2220
2222
2221
2222
2224
2223
2224
2226
2225
2226
2228
2227
2228
2235
2229
2230
2231
2250
2232
2233
2235
2236
2233
2236
2237
2234
2235
2237
2236
2237
2237
2238
2239
2240
2242
2249
2240
2247
2249
2241
2248
2242
2244
2243
2244
2249
2245
2246
2248
2247
2249
2248
2251
2254
2258
2259
2252
2257
2258
2260
2253
2254
2256
2255
2256
2259
2257
2258
2259
2262
2264
2266
2263
2267
2264
2268
2265
2266
2268
2270
2267
2271
2268
2272
2269
2270
2272
2273
2271
2273
2272
2273
2273
2276
2277
2277
2279
2280
2281
2282
2283
2284
2285
2286
2287
2288
2289
2290
2291
2292
2293
2294
2295
2296
2297
2298
2299
2300
2301
2302
2304
2314
2305
2306
2307
2308
2309
2310
2311
2312
2313
2315
2316
2317
2318
2319
2320
2321
2322
2323
2324
2325
2327
2331
2333
2334
2328
2330
2329
2334
2330
2332
2331
2332
2333
2333
2334
2334
2335
2339
2341
2347
2348
2340
2349
2341
2343
2342
2343
2348
2344
2345
2346
2349
2347
2348
2348
2349
2354
2355
2355
-1
-1
-1
-1
-1
-1
-1
-1
-1
-1
-1
-1
-1
-1
-1
-1
-1
-1
-1
-1
-1
-1
-1
-1
-1
-1
-1
-1
-1
-1
-1
-1
-1
-1
-1
-1
-1
-1
-1
-1
-1
-1
-1
-1
-1
-1
-1
-1
-1
-1
-1
-1
-1
-1
-1
-1
-1
-1
-1
-1
-1
-1
-1
-1
-1
-1
-1
-1
-1
-1
-1
-1
-1
-1
-1
-1
-1
-1
-1
-1
-1
-1
-1
-1
-1
-1
-1
-1
-1
-1
-1
-1
-1
-1
-1
-1
-1
-1
-1
-1
-1
-1
-1
-1
-1
-1
-1
-1
-1
-1
-1
-1
-1
-1
-1
-1
-1
-1
-1
-1
-1
-1
-1
-1
-1
-1
-1
-1
-1
-1
-1
-1
-1
-1
-1
-1
-1
-1
-1
-1
-1
-1
-1
-1
-1
-1
-1
-1
-1
-1
-1
-1
-1
-1
-1
-1
-1
-1
-1
-1
-1
-1
-1
-1
-1
-1
-1
-1
-1
-1
-1
-1
-1
-1
-1
-1
-1
-1
-1
-1
-1
-1
-1
-1
-1
-1
-1
-1
-1
-1
-1
-1
-1
-1
-1
-1
-1
-1
-1
-1
-1
-1
-1
-1
-1
-1
-1
-1
-1
-1
-1
-1
-1
-1
-1
-1
-1
-1
-1
-1
-1
-1
-1
-1
-1
-1
-1
-1
-1
-1
-1
-1
-1
-1
-1
-1
-1
-1
-1
-1
-1
-1
-1
-1
-1
-1
-1
-1
-1
-1
-1
-1
-1
-1
-1
-1
-1
-1
-1
-1
-1
-1
-1
-1
-1
-1
-1
-1
-1
-1
-1
-1
-1
-1
-1
-1
-1
-1
-1
-1
-1
-1
-1
-1
-1
-1
-1
-1
-1
-1
-1
-1
-1
-1
-1
-1
-1
-1
-1
-1
-1
-1
-1
-1
-1
-1
-1
-1
-1
-1
-1
-1
-1
-1
-1
-1
-1
-1
-1
-1
-1
-1
-1
-1
-1
-1
-1
-1
-1
-1
-1
-1
-1
-1
-1
-1
-1
-1
-1
-1
-1
-1
-1
-1
-1
-1
-1
-1
-1
-1
-1
-1
-1
-1
-1
-1
-1
-1
-1
-1
-1
-1
-1
-1
-1
-1
-1
-1
-1
-1
-1
-1
-1
-1
-1
-1
-1
-1
-1
-1
-1
-1
-1
-1
-1
-1
-1
-1
-1
-1
-1
-1
-1
-1
-1
-1
-1
-1
-1
-1
-1
-1
-1
-1
-1
-1
-1
-1
-1
-1
-1
-1
-1
-1
-1
-1
-1
-1
-1
-1
-1
-1
-1
-1
-1
-1
-1
-1
-1
-1
-1
-1
-1
-1
-1
-1
-1
-1
-1
-1
-1
-1
-1
-1
-1
-1
-1
-1
-1
-1
-1
-1
-1
-1
-1
-1
-1
-1
-1
-1
-1
-1
-1
-1
-1
-1
-1
-1
-1
-1
-1
-1
-1
-1
-1
-1
-1
-1
-1
-1
-1
-1
-1
-1
-1
-1
-1
-1
-1
-1
-1
-1
-1
-1
-1
-1
-1
-1
-1
-1
-1
-1
-1
-1
-1
-1
-1
-1
-1
-1
-1
-1
-1
-1
-1
-1
-1
-1
-1
-1
-1
-1
-1
-1
-1
-1
-1
-1
-1
-1
-1
-1
-1
-1
-1
-1
-1
-1
-1
-1
-1
-1
-1
-1
-1
-1
-1
-1
-1
-1
-1
-1
-1
-1
-1
-1
-1
-1
-1
-1
-1
-1
-1
-1
-1
-1
-1
-1
-1
-1
-1
-1
-1
-1
-1
-1
-1
-1
-1
-1
-1
-1
-1
-1
-1
-1
-1
-1
-1
-1
-1
-1
-1
-1
-1
-1
-1
-1
-1
-1
-1
-1
-1
-1
-1
-1
-1
-1
-1
-1
-1
-1
-1
-1
-1
-1
-1
-1
-1
-1
-1
-1
-1
-1
-1
-1
-1
-1
-1
-1
-1
-1
-1
-1
-1
-1
-1
-1
-1
-1
-1
-1
-1
-1
-1
-1
-1
-1
-1
-1
-1
-1
-1
-1
-1
-1
-1
-1
-1
-1
-1
-1
-1
-1
-1
-1
-1
-1
-1
-1
-1
-1
-1
-1
-1
-1
-1
-1
-1
-1
-1
-1
-1
-1
-1
-1
-1
-1
-1
-1
-1
-1
-1
-1
-1
-1
-1
-1
-1
-1
-1
-1
-1
-1
-1
-1
-1
-1
-1
-1
-1
-1
-1
-1
-1
-1
-1
-1
-1
-1
-1
-1
-1
-1
-1
-1
-1
-1
-1
-1
-1
-1
-1
-1
-1
-1
-1
-1
-1
-1
-1
-1
-1
-1
-1
-1
-1
-1
-1
-1
-1
-1
-1
-1
-1
-1
-1
-1
-1
-1
-1
-1
-1
-1
-1
-1
-1
-1
-1
-1
-1
-1
-1
-1
-1
-1
-1
-1
-1
-1
-1
-1
-1
-1
-1
-1
-1
-1
-1
-1
-1
-1
-1
-1
-1
-1
-1
-1
-1
-1
-1
-1
-1
-1
-1
-1
-1
-1
-1
-1
-1
-1
-1
-1
-1
-1
-1
-1
-1
-1
-1
-1
-1
-1
-1
-1
-1
-1
-1
-1
-1
-1
-1
-1
-1
-1
-1
-1
-1
-1
-1
-1
-1
-1
-1
-1
-1
-1
-1
-1
-1
-1
-1
-1
-1
-1
-1
-1
-1
-1
-1
-1
-1
-1
-1
-1
-1
-1
-1
-1
-1
-1
-1
-1
-1
-1
-1
-1
-1
-1
-1
-1
-1
-1
-1
-1
-1
-1
-1
-1
-1
-1
-1
-1
-1
-1
-1
-1
-1
-1
-1
-1
-1
-1
-1
-1
-1
-1
-1
-1
-1
-1
-1
-1
-1
-1
-1
-1
-1
-1
-1
-1
-1
-1
-1
-1
-1
-1
-1
-1
-1
-1
-1
-1
-1
-1
-1
-1
-1
-1
-1
-1
-1
-1
-1
-1
-1
-1
-1
-1
-1
-1
-1
-1
-1
-1
-1
-1
-1
-1
-1
-1
-1
-1
-1
-1
-1
-1
-1
-1
-1
-1
-1
-1
-1
-1
-1
-1
-1
-1
-1
-1
-1
-1
-1
-1
-1
-1
-1
-1
-1
-1
-1
-1
-1
-1
-1
-1
-1
-1
-1
-1
-1
-1
-1
-1
-1
-1
-1
-1
-1
-1
-1
-1
-1
-1
-1
-1
-1
-1
-1
-1
-1
-1
-1
-1
-1
-1
-1
-1
-1
-1
-1
-1
-1
-1
-1
-1
-1
-1
-1
-1
-1
-1
-1
-1
-1
-1
-1
-1
-1
-1
-1
-1
-1
-1
-1
-1
-1
-1
-1
-1
-1
-1
-1
-1
-1
-1
-1
-1
-1
-1
-1
-1
-1
-1
-1
-1
-1
-1
-1
-1
-1
-1
-1
-1
-1
-1
-1
-1
-1
-1
-1
-1
-1
-1
-1
-1
-1
-1
-1
-1
-1
-1
-1
-1
-1
-1
-1
-1
-1
-1
-1
-1
-1
-1
-1
-1
-1
-1
-1
-1
-1
-1
-1
-1
-1
-1
-1
-1
-1
-1
-1
-1
-1
-1
-1
-1
-1
-1
-1
-1
-1
-1
-1
-1
-1
-1
-1
-1
-1
-1
-1
-1
-1
-1
-1
-1
-1
-1
-1
-1
-1
-1
-1
-1
-1
-1
-1
-1
-1
-1
-1
-1
-1
-1
-1
-1
-1
-1
-1
-1
-1
-1
-1
-1
-1
-1
-1
-1
-1
-1
-1
-1
-1
-1
-1
-1
-1
-1
-1
-1
-1
-1
-1
-1
-1
-1
-1
-1
-1
-1
-1
-1
-1
-1
-1
-1
-1
-1
-1
-1
-1
-1
-1
-1
-1
-1
-1
-1
-1
-1
-1
-1
-1
-1
-1
-1
-1
-1
-1
-1
-1
-1
-1
-1
-1
-1
-1
-1
-1
-1
-1
-1
-1
-1
-1
-1
-1
-1
-1
-1
-1
-1
-1
-1
-1
-1
-1
-1
-1
-1
-1
-1
-1
-1
-1
-1
-1
-1
-1
-1
-1
-1
-1
-1
-1
-1
-1
-1
-1
-1
-1
-1
-1
-1
-1
-1
-1
-1
-1
-1
-1
-1
-1
-1
-1
-1
-1
-1
-1
-1
-1
-1
-1
-1
-1
-1
-1
-1
-1
-1
-1
-1
-1
-1
-1
-1
-1
-1
-1
-1
-1
-1
-1
-1
-1
-1
-1
-1
-1
-1
-1
-1
-1
-1
-1
-1
-1
-1
-1
-1
-1
-1
-1
-1
-1
-1
-1
-1
-1
-1
-1
-1
-1
-1
-1
-1
-1
-1
-1
-1
-1
-1
-1
-1
-1
-1
-1
-1
-1
-1
-1
-1
-1
-1
-1
-1
-1
-1
-1
-1
-1
-1
-1
-1
-1
-1
-1
-1
-1
-1
-1
-1
-1
-1
-1
-1
-1
-1
-1
-1
-1
-1
-1
-1
-1
-1
-1
-1
-1
-1
-1
-1
-1
-1
-1
-1
-1
-1
-1
-1
-1
-1
-1
-1
-1
-1
-1
-1
-1
-1
)


// ************************************************************************* //
