FoamFile
{
    version     2.0;
    format      ascii;
    class       labelList;
    location    "constant/polyMesh";
    object      neighbour;
}
// * * * * * * * * * * * * * * * * * * * * * * * * * * * * * * * * * //

4644
(
1
5
25
2
9
29
3
10
30
4
13
33
98
14
34
9
6
45
11
7
46
17
8
49
19
196
50
10
11
61
13
12
62
12
17
63
15
18
64
14
15
68
103
16
69
16
21
70
105
22
71
18
19
74
21
20
75
20
200
76
23
201
77
22
23
80
111
24
81
24
204
82
113
205
83
29
45
26
31
47
27
37
53
28
39
55
392
30
61
31
33
62
32
32
65
37
35
66
38
34
68
35
123
69
36
36
72
41
125
73
42
38
84
39
41
85
40
40
87
396
43
88
397
42
90
43
131
91
44
44
92
400
133
93
401
61
46
47
63
49
48
65
48
53
67
51
54
74
50
51
76
221
52
78
52
57
79
223
58
84
54
55
86
57
56
87
56
412
89
59
413
94
58
59
95
229
60
96
60
416
97
231
417
62
63
65
68
64
66
64
74
67
70
75
66
67
84
72
85
78
86
69
70
72
143
71
73
71
80
145
81
73
90
147
91
75
76
78
80
77
77
237
79
82
238
79
94
241
95
81
82
156
83
83
243
158
244
85
86
87
90
88
94
89
88
89
428
92
429
96
430
91
92
166
93
93
434
168
435
95
96
260
97
97
438
262
439
99
103
123
100
104
124
101
107
127
102
108
128
119
139
104
105
143
107
106
144
106
111
145
109
112
146
108
109
149
119
110
150
110
115
151
120
116
152
112
113
156
115
114
157
114
294
158
117
295
159
116
117
160
121
118
161
118
298
162
122
299
163
120
180
121
181
122
184
310
185
124
143
125
127
144
126
126
147
131
129
148
132
128
149
129
139
150
130
130
153
135
140
154
136
132
166
133
135
167
134
134
168
490
137
169
491
136
170
137
141
171
138
138
173
494
142
174
495
180
140
182
141
188
142
190
506
144
145
147
149
146
148
146
156
151
157
148
166
153
167
150
151
153
180
152
154
152
160
181
161
155
154
170
182
155
171
183
164
172
157
158
160
159
159
319
162
320
161
162
184
163
164
163
323
185
324
165
186
165
176
187
327
177
167
168
170
169
169
510
173
511
171
173
188
172
174
189
176
175
174
514
190
175
515
191
178
516
192
177
178
193
342
179
194
179
520
195
344
521
181
182
184
183
183
188
186
189
185
186
356
187
187
192
358
193
189
190
192
191
191
547
194
548
193
194
364
195
195
551
366
552
200
197
221
202
198
222
208
199
225
210
216
226
201
202
237
204
203
238
203
208
239
206
209
240
205
206
243
294
207
244
207
212
245
296
213
246
209
210
247
212
211
248
211
217
249
214
218
250
213
214
254
302
215
255
215
219
256
304
220
257
217
274
218
278
219
279
220
282
314
283
237
222
223
239
225
224
241
224
229
242
227
230
247
226
227
249
274
228
251
228
233
252
275
234
260
230
231
261
233
232
262
232
588
263
235
589
264
234
235
265
276
236
267
236
592
268
277
593
238
239
241
243
240
240
247
242
245
248
242
260
251
261
244
245
319
246
246
254
321
255
248
249
251
254
250
250
278
252
256
279
253
252
264
253
280
265
258
281
266
255
256
329
257
257
282
258
331
283
259
259
284
270
333
285
271
261
262
264
263
263
604
267
605
265
267
266
286
268
270
287
269
268
608
269
288
609
272
289
610
271
290
272
346
291
273
273
292
614
348
293
615
278
275
280
276
286
277
288
641
279
280
282
281
281
286
284
287
283
284
372
285
285
290
374
291
287
288
290
289
289
645
292
646
291
292
380
293
293
649
382
650
295
296
319
298
297
320
297
302
321
300
303
322
299
300
323
310
301
324
301
306
325
311
307
326
303
304
329
306
305
330
305
314
331
308
315
332
307
308
335
312
309
336
309
316
337
313
317
338
311
356
312
357
313
360
318
361
315
372
316
373
317
376
318
377
388
320
321
323
322
322
329
325
330
324
325
356
326
327
326
335
357
336
328
358
328
342
359
339
343
330
331
335
332
332
372
333
337
373
334
334
374
346
340
375
347
336
337
360
338
339
338
376
340
361
377
341
362
341
350
341
378
351
363
379
352
364
343
344
365
350
345
366
345
686
367
353
687
347
380
348
351
381
349
349
382
690
354
383
691
368
352
353
352
384
354
369
385
355
370
355
694
355
386
695
371
387
696
357
358
360
359
359
364
362
365
361
362
388
363
363
368
389
369
365
366
368
367
367
723
370
724
369
370
390
371
371
727
391
728
373
374
376
375
375
380
378
381
377
378
388
379
379
384
389
385
381
382
384
383
383
739
386
740
385
386
390
387
387
743
391
744
389
390
391
755
396
412
393
398
414
394
404
420
395
406
422
465
397
428
398
400
429
399
399
431
404
402
432
405
401
434
402
490
435
403
403
436
408
492
437
409
405
442
406
408
443
407
407
445
466
410
446
467
409
449
410
498
450
411
411
451
468
500
452
469
428
413
414
430
416
415
431
415
420
433
418
421
438
417
418
439
588
419
440
419
424
441
590
425
442
421
422
444
424
423
445
423
470
447
426
471
455
425
426
456
596
427
457
427
472
459
598
473
429
430
431
434
432
438
433
432
433
442
436
443
440
444
435
436
510
437
437
449
512
450
439
440
604
441
441
455
606
456
443
444
445
449
446
455
447
446
447
474
451
448
475
448
457
476
453
458
477
450
451
524
452
452
453
478
526
454
479
454
461
480
528
462
481
456
457
618
459
458
459
482
461
460
483
460
620
484
463
621
485
462
463
486
537
464
487
464
624
488
539
625
489
466
470
467
474
468
475
469
478
563
479
474
471
476
472
482
473
484
661
475
476
478
477
477
482
480
483
479
480
568
481
481
486
570
487
483
484
486
485
485
665
488
666
487
488
576
489
489
669
578
670
491
510
492
494
511
493
493
512
498
496
513
499
495
514
496
506
515
497
497
517
502
507
518
503
499
524
500
502
525
501
501
526
563
504
527
564
503
530
504
508
531
505
505
533
565
509
534
566
547
507
549
508
555
509
557
567
511
512
514
513
513
524
517
525
515
517
547
516
518
548
520
519
518
530
549
519
531
550
522
532
551
521
522
552
686
523
553
523
541
554
688
542
525
526
530
527
527
528
568
533
529
569
529
537
570
535
538
571
531
533
555
532
534
556
541
536
534
535
572
557
536
573
536
543
574
558
544
575
538
539
576
543
540
577
540
700
578
545
701
579
559
542
544
560
704
546
544
545
580
561
546
581
546
706
582
562
707
583
548
549
551
550
550
555
553
556
552
553
723
554
554
559
725
560
556
557
559
558
558
584
561
585
560
561
731
562
562
586
733
587
564
568
565
569
566
572
567
573
584
569
570
572
571
571
576
574
577
573
574
584
575
575
580
585
581
577
578
580
579
579
759
582
760
581
582
586
583
583
763
587
764
585
586
587
775
604
589
590
605
592
591
606
591
596
607
594
597
608
593
594
609
641
595
611
595
600
612
642
601
618
597
598
619
600
599
620
599
661
622
602
662
628
601
602
629
643
603
631
603
663
633
644
664
605
606
608
607
607
618
611
619
609
611
610
645
612
614
646
613
612
628
613
647
629
616
648
630
615
649
616
690
650
617
617
651
635
692
652
636
619
620
628
622
621
622
665
624
623
666
623
631
667
626
632
668
625
626
669
700
627
670
627
637
671
702
638
672
629
631
630
653
633
635
654
634
632
633
673
637
634
674
634
655
675
639
656
676
636
657
639
710
658
640
638
639
677
712
640
678
640
659
679
714
660
680
645
642
647
643
653
644
655
681
646
647
649
648
648
653
651
654
650
651
739
652
652
657
741
658
654
655
657
656
656
682
659
683
658
659
747
660
660
684
749
685
665
662
667
663
673
664
675
681
666
667
669
668
668
673
671
674
670
671
759
672
672
677
761
678
674
675
677
676
676
682
679
683
678
679
767
680
680
684
769
685
682
683
684
685
779
723
687
688
724
694
689
725
689
704
726
697
705
691
739
692
695
740
693
693
741
710
698
742
711
727
696
697
696
743
698
728
744
699
729
699
716
699
745
717
730
746
718
701
702
759
706
703
760
703
712
761
708
713
762
731
705
707
732
716
709
707
708
763
733
709
764
709
719
765
734
720
766
711
747
714
717
748
715
713
714
767
719
715
768
715
749
769
721
750
770
735
718
720
718
751
721
736
752
722
720
721
771
737
722
772
722
753
773
738
754
774
724
725
727
726
726
731
729
732
728
729
755
730
730
735
756
736
732
733
735
734
734
775
737
776
736
737
757
738
738
777
758
778
740
741
743
742
742
747
745
748
744
745
755
746
746
751
756
752
748
749
751
750
750
779
753
780
752
753
757
754
754
781
758
782
756
757
758
783
760
761
763
762
762
767
765
768
764
765
775
766
766
771
776
772
768
769
771
770
770
779
773
780
772
773
777
774
774
781
778
782
776
777
778
783
780
781
782
783
784
785
786
787
788
789
790
791
792
793
794
795
796
797
798
799
800
801
802
803
804
805
806
807
808
809
810
811
812
813
814
815
816
817
818
819
820
821
822
823
824
825
826
827
828
829
830
831
832
833
834
835
836
837
838
839
840
841
842
843
844
845
846
847
848
849
850
851
852
853
854
855
856
857
858
859
860
861
862
863
864
865
866
867
868
869
870
871
872
873
874
875
876
877
878
879
880
881
882
883
884
885
886
887
888
889
890
891
892
893
894
895
896
897
898
899
900
901
902
903
904
905
906
907
908
909
910
911
912
913
914
915
916
917
918
919
920
921
922
923
924
925
926
927
928
929
930
931
932
933
934
935
936
937
938
939
940
941
942
943
944
945
946
947
948
949
950
951
952
953
954
955
956
957
958
959
960
961
962
963
964
965
966
967
968
969
970
971
972
973
974
975
976
977
978
979
980
981
982
983
984
985
986
987
988
989
990
991
992
993
994
995
996
997
998
999
1000
1001
1002
1003
1004
1005
1006
1007
1008
1009
1010
1011
1012
1013
1014
1015
1016
1017
1018
1019
1020
1021
1022
1023
1024
1025
1026
1027
1028
1029
1030
1031
1032
1033
1034
1035
1036
1037
1038
1039
1040
1041
1042
1043
1044
1045
1046
1047
1048
1049
1050
1051
1052
1053
1054
1055
1056
1057
1058
1059
1060
1061
1062
1063
1064
1065
1066
1067
1068
1069
1070
1071
1072
1073
1074
1075
1076
1077
1078
1079
1080
1081
1082
1083
1084
1085
1086
1087
1088
1089
1090
1091
1092
1093
1094
1095
1096
1097
1098
1099
1100
1101
1102
1103
1104
1105
1106
1107
1108
1109
1110
1111
1112
1113
1114
1115
1116
1117
1118
1119
1120
1121
1122
1123
1124
1125
1126
1127
1128
1129
1130
1131
1132
1133
1134
1135
1136
1137
1138
1139
1140
1141
1142
1143
1144
1145
1146
1147
1148
1149
1150
1151
1152
1153
1154
1155
1156
1157
1158
1159
1160
1161
1162
1163
1164
1165
1166
1167
1168
1169
1170
1171
1172
1173
1174
1175
1176
1177
1178
1179
1180
1181
1182
1183
1184
1185
1186
1187
1188
1189
1190
1191
1192
1193
1194
1195
1196
1197
1198
1199
1200
1201
1202
1203
1204
1205
1206
1207
1208
1209
1210
1211
1212
1213
1214
1215
1216
1217
1218
1219
1220
1221
1222
1223
1224
1225
1226
1227
1228
1229
1230
1231
1232
1233
1234
1235
1236
1237
1238
1239
1240
1241
1242
1243
1244
1245
1246
1247
1248
1249
1250
1251
1252
1253
1254
1255
1256
1257
1258
1259
1260
1261
1262
1263
1264
1265
1266
1267
1268
1269
1270
1271
1272
1273
1274
1275
1276
1277
1278
1279
1280
1281
1282
1283
1284
1285
1286
1287
1288
1289
1290
1291
1292
1293
1294
1295
1296
1297
1298
1299
1300
1301
1302
1303
1304
1305
1306
1307
1308
1309
1310
1311
1312
1313
1314
1315
1316
1317
1318
1319
1320
1321
1322
1323
1324
1325
1326
1327
1328
1329
1330
1331
1332
1333
1334
1335
1336
1337
1338
1339
1340
1341
1342
1343
1344
1345
1346
1347
1348
1349
1350
1351
1352
1353
1354
1355
1356
1357
1358
1359
1360
1361
1362
1363
1364
1365
1366
1367
1368
1369
1370
1371
1372
1373
1374
1375
1376
1377
1378
1379
1380
1381
1382
1383
1384
1385
1386
1387
1388
1389
1390
1391
1392
1393
1394
1395
1396
1397
1398
1399
1400
1401
1402
1403
1404
1405
1406
1407
1408
1409
1410
1411
1412
1413
1414
1415
1416
1417
1418
1419
1420
1421
1422
1423
1424
1425
1426
1427
1428
1429
1430
1431
1432
1433
1434
1435
1436
1437
1438
1439
1440
1441
1442
1443
1444
1445
1446
1447
1448
1449
1450
1451
1452
1453
1454
1455
1456
1457
1458
1459
1460
1461
1462
1463
1464
1465
1466
1467
1468
1469
1470
1471
1472
1473
1474
1475
1476
1477
1478
1479
1480
1481
1482
1483
1484
1485
1486
1487
1488
1489
1490
1491
1492
1493
1494
1495
1496
1497
1498
1499
1500
1501
1502
1503
1504
1505
1506
1507
1508
1509
1510
1511
1512
1513
1514
1515
1516
1517
1518
1519
1520
1521
1522
1523
1524
1525
1526
1527
1528
1529
1530
1531
1532
1533
1534
1535
1536
1537
1538
1539
1540
1541
1542
1543
1544
1545
1546
1547
1548
1549
1550
1551
1552
1553
1554
1555
1556
1557
1558
1559
1560
1561
1562
1563
1564
1565
1566
1567
1568
1569
1570
1571
1572
1573
1574
1575
1576
1577
1578
1579
1580
1581
1582
1583
1584
1585
1586
1587
1588
1589
1590
1591
1592
1593
1594
1595
1596
1597
1598
1599
785
787
791
786
786
799
789
793
800
789
788
795
790
811
796
803
790
804
813
795
792
793
797
838
794
794
807
840
808
796
797
818
798
798
842
820
843
800
801
803
807
802
802
892
805
809
893
805
804
806
826
896
806
897
828
808
809
853
810
810
900
855
901
813
812
818
814
815
819
826
814
827
816
816
817
822
830
817
831
824
819
820
822
821
821
865
823
866
824
823
825
869
834
825
835
871
828
827
829
830
919
829
920
832
832
831
833
834
923
833
924
836
836
835
837
880
927
837
928
882
842
839
840
844
846
841
841
853
847
854
843
844
865
845
845
849
867
850
849
848
847
848
857
851
858
850
851
873
852
852
861
875
862
854
855
857
856
856
946
859
947
858
859
861
860
860
950
863
951
862
863
884
864
864
954
886
955
866
867
869
868
868
873
870
874
871
870
872
877
880
872
881
878
874
875
877
876
876
884
879
885
878
879
888
879
889
882
881
883
888
973
883
974
890
885
886
889
887
887
977
891
978
890
889
891
981
891
982
893
894
896
900
895
895
904
898
902
905
898
897
899
919
907
899
908
921
901
902
946
903
903
911
948
912
905
906
907
911
906
913
909
909
908
910
931
915
910
916
933
912
913
958
914
914
915
960
917
917
916
918
938
962
918
963
940
921
920
922
923
931
922
932
925
925
924
926
927
935
926
936
929
929
928
930
973
942
930
943
975
933
932
934
935
938
934
939
937
937
936
937
942
944
940
939
941
944
985
941
986
945
944
943
945
989
945
991
947
948
950
949
949
958
952
959
951
952
954
953
953
966
956
967
955
956
977
957
957
969
979
970
959
960
966
961
961
962
968
964
964
963
965
985
971
965
972
987
967
968
969
968
971
970
971
993
972
972
995
975
974
976
981
989
976
990
983
978
979
982
980
980
993
984
994
983
982
984
997
984
998
987
986
988
991
995
988
996
992
991
990
992
997
992
999
994
995
998
996
996
999
999
998
999
1600
1005
1001
1601
1009
1002
1602
1010
1003
1603
1013
1004
1604
1014
1025
1605
1606
1006
1009
1607
1007
1011
1608
1008
1017
1609
1050
1019
1011
1010
1012
1013
1017
1012
1018
1015
1015
1014
1016
1030
1021
1016
1022
1032
1019
1018
1020
1021
1054
1020
1055
1023
1023
1022
1024
1038
1058
1024
1059
1040
1030
1026
1610
1031
1027
1611
1034
1028
1612
1035
1029
1613
1046
1614
1615
1032
1031
1033
1034
1038
1033
1039
1036
1036
1035
1037
1046
1042
1037
1043
1047
1040
1039
1041
1042
1075
1041
1076
1044
1044
1043
1045
1048
1079
1045
1080
1049
1047
1616
1048
1617
1049
1618
1091
1619
1620
1051
1054
1621
1052
1056
1622
1053
1062
1623
1070
1064
1056
1055
1057
1058
1062
1057
1063
1060
1060
1059
1061
1075
1066
1061
1067
1077
1064
1063
1065
1066
1071
1065
1072
1068
1068
1067
1069
1083
1073
1069
1074
1085
1624
1625
1071
1626
1072
1627
1073
1628
1074
1629
1095
1077
1076
1078
1079
1083
1078
1084
1081
1081
1080
1082
1091
1087
1082
1088
1092
1085
1084
1086
1087
1095
1086
1096
1089
1089
1088
1090
1093
1097
1090
1098
1094
1092
1630
1093
1631
1094
1632
1099
1633
1634
1096
1635
1097
1636
1098
1637
1099
1638
1639
1640
1101
1105
1641
1642
1102
1109
1643
1103
1110
1644
1104
1113
1645
1125
1114
1109
1106
1646
1111
1107
1647
1117
1108
1648
1119
1150
1649
1110
1111
1113
1112
1112
1117
1115
1118
1114
1115
1130
1116
1116
1121
1132
1122
1118
1119
1121
1120
1120
1154
1123
1155
1122
1123
1138
1124
1124
1158
1140
1159
1650
1126
1130
1651
1127
1131
1652
1128
1134
1653
1129
1135
1654
1655
1146
1131
1132
1134
1133
1133
1138
1136
1139
1135
1136
1146
1137
1137
1142
1147
1143
1139
1140
1142
1141
1141
1175
1144
1176
1143
1144
1148
1145
1145
1179
1149
1180
1656
1147
1657
1148
1658
1149
1659
1191
1154
1151
1660
1156
1152
1661
1162
1153
1662
1164
1170
1663
1155
1156
1158
1157
1157
1162
1160
1163
1159
1160
1175
1161
1161
1166
1177
1167
1163
1164
1166
1165
1165
1171
1168
1172
1167
1168
1183
1169
1169
1173
1185
1174
1171
1664
1665
1172
1666
1173
1667
1174
1668
1195
1669
1176
1177
1179
1178
1178
1183
1181
1184
1180
1181
1191
1182
1182
1187
1192
1188
1184
1185
1187
1186
1186
1195
1189
1196
1188
1189
1193
1190
1190
1197
1194
1198
1670
1192
1671
1193
1672
1194
1673
1199
1196
1674
1197
1675
1198
1676
1199
1677
1678
1679
1680
1205
1201
1600
1209
1202
1606
1210
1203
1607
1213
1204
1608
1214
1225
1609
1681
1206
1209
1682
1207
1211
1683
1208
1217
1684
1250
1219
1211
1210
1212
1213
1217
1212
1218
1215
1215
1214
1216
1230
1221
1216
1222
1232
1219
1218
1220
1221
1254
1220
1255
1223
1223
1222
1224
1238
1258
1224
1259
1240
1230
1226
1620
1231
1227
1621
1234
1228
1622
1235
1229
1623
1246
1685
1624
1232
1231
1233
1234
1238
1233
1239
1236
1236
1235
1237
1246
1242
1237
1243
1247
1240
1239
1241
1242
1275
1241
1276
1244
1244
1243
1245
1248
1279
1245
1280
1249
1247
1686
1248
1687
1249
1688
1291
1689
1690
1251
1254
1691
1252
1256
1692
1253
1262
1693
1270
1264
1256
1255
1257
1258
1262
1257
1263
1260
1260
1259
1261
1275
1266
1261
1267
1277
1264
1263
1265
1266
1271
1265
1272
1268
1268
1267
1269
1283
1273
1269
1274
1285
1694
1641
1271
1646
1272
1647
1273
1648
1274
1649
1295
1277
1276
1278
1279
1283
1278
1284
1281
1281
1280
1282
1291
1287
1282
1288
1292
1285
1284
1286
1287
1295
1286
1296
1289
1289
1288
1290
1293
1297
1290
1298
1294
1292
1695
1293
1696
1294
1697
1299
1698
1660
1296
1661
1297
1662
1298
1663
1299
1665
1699
1614
1301
1305
1700
1616
1302
1309
1617
1303
1310
1618
1304
1313
1619
1325
1314
1309
1306
1701
1311
1307
1702
1317
1308
1703
1319
1350
1704
1310
1311
1313
1312
1312
1317
1315
1318
1314
1315
1330
1316
1316
1321
1332
1322
1318
1319
1321
1320
1320
1354
1323
1355
1322
1323
1338
1324
1324
1358
1340
1359
1630
1326
1330
1631
1327
1331
1632
1328
1334
1633
1329
1335
1639
1705
1346
1331
1332
1334
1333
1333
1338
1336
1339
1335
1336
1346
1337
1337
1342
1347
1343
1339
1340
1342
1341
1341
1375
1344
1376
1343
1344
1348
1345
1345
1379
1349
1380
1706
1347
1707
1348
1708
1349
1709
1391
1354
1351
1710
1356
1352
1711
1362
1353
1712
1364
1370
1713
1355
1356
1358
1357
1357
1362
1360
1363
1359
1360
1375
1361
1361
1366
1377
1367
1363
1364
1366
1365
1365
1371
1368
1372
1367
1368
1383
1369
1369
1373
1385
1374
1371
1655
1714
1372
1656
1373
1657
1374
1658
1395
1659
1376
1377
1379
1378
1378
1383
1381
1384
1380
1381
1391
1382
1382
1387
1392
1388
1384
1385
1387
1386
1386
1395
1389
1396
1388
1389
1393
1390
1390
1397
1394
1398
1715
1392
1716
1393
1717
1394
1718
1399
1396
1670
1397
1671
1398
1672
1399
1673
1719
1678
1601
1401
1405
1680
1602
1402
1409
1603
1403
1410
1604
1404
1413
1605
1425
1414
1409
1406
1681
1411
1407
1682
1417
1408
1683
1419
1500
1684
1410
1411
1413
1412
1412
1417
1415
1418
1414
1415
1430
1416
1416
1421
1432
1422
1418
1419
1421
1420
1420
1504
1423
1505
1422
1423
1438
1424
1424
1508
1440
1509
1610
1426
1430
1611
1427
1431
1612
1428
1434
1613
1429
1435
1615
1700
1446
1431
1432
1434
1433
1433
1438
1436
1439
1435
1436
1446
1437
1437
1442
1447
1443
1439
1440
1442
1441
1441
1525
1444
1526
1443
1444
1448
1445
1445
1529
1449
1530
1701
1447
1702
1448
1703
1449
1704
1541
1685
1455
1451
1625
1459
1452
1626
1460
1453
1627
1463
1454
1628
1464
1475
1629
1686
1456
1459
1687
1457
1461
1688
1458
1467
1689
1550
1469
1461
1460
1462
1463
1467
1462
1468
1465
1465
1464
1466
1480
1471
1466
1472
1482
1469
1468
1470
1471
1554
1470
1555
1473
1473
1472
1474
1488
1558
1474
1559
1490
1480
1476
1634
1481
1477
1635
1484
1478
1636
1485
1479
1637
1496
1705
1638
1482
1481
1483
1484
1488
1483
1489
1486
1486
1485
1487
1496
1492
1487
1493
1497
1490
1489
1491
1492
1575
1491
1576
1494
1494
1493
1495
1498
1579
1495
1580
1499
1497
1706
1498
1707
1499
1708
1591
1709
1504
1501
1690
1506
1502
1691
1512
1503
1692
1514
1520
1693
1505
1506
1508
1507
1507
1512
1510
1513
1509
1510
1525
1511
1511
1516
1527
1517
1513
1514
1516
1515
1515
1521
1518
1522
1517
1518
1533
1519
1519
1523
1535
1524
1521
1640
1694
1522
1642
1523
1643
1524
1644
1545
1645
1526
1527
1529
1528
1528
1533
1531
1534
1530
1531
1541
1532
1532
1537
1542
1538
1534
1535
1537
1536
1536
1545
1539
1546
1538
1539
1543
1540
1540
1547
1544
1548
1710
1542
1711
1543
1712
1544
1713
1549
1546
1650
1547
1651
1548
1652
1549
1653
1714
1654
1695
1551
1554
1696
1552
1556
1697
1553
1562
1698
1570
1564
1556
1555
1557
1558
1562
1557
1563
1560
1560
1559
1561
1575
1566
1561
1567
1577
1564
1563
1565
1566
1571
1565
1572
1568
1568
1567
1569
1583
1573
1569
1574
1585
1699
1664
1571
1666
1572
1667
1573
1668
1574
1669
1595
1577
1576
1578
1579
1583
1578
1584
1581
1581
1580
1582
1591
1587
1582
1588
1592
1585
1584
1586
1587
1595
1586
1596
1589
1589
1588
1590
1593
1597
1590
1598
1594
1592
1715
1593
1716
1594
1717
1599
1718
1674
1596
1675
1597
1676
1598
1677
1599
1679
1719
1606
1720
1602
1720
1603
1604
1605
1610
1607
1608
1609
1620
1611
1612
1613
1615
1616
1721
1721
1617
1618
1619
1630
1621
1622
1623
1624
1722
1626
1722
1627
1628
1629
1634
1631
1632
1633
1639
1635
1636
1637
1638
1723
1723
1642
1724
1646
1724
1643
1644
1645
1650
1647
1648
1649
1660
1651
1652
1653
1654
1725
1656
1725
1657
1658
1659
1670
1661
1662
1663
1665
1666
1726
1726
1667
1668
1669
1674
1671
1672
1673
1678
1675
1676
1677
1679
1727
1727
1681
1720
1682
1683
1684
1690
1686
1722
1687
1688
1689
1695
1691
1692
1693
1694
1724
1696
1697
1698
1699
1726
1701
1721
1702
1703
1704
1710
1706
1723
1707
1708
1709
1715
1711
1712
1713
1714
1725
1716
1717
1718
1719
1727
)
