/*--------------------------------*- C++ -*----------------------------------*\
| =========                 |                                                 |
| \\      /  F ield         | OpenFOAM: The Open Source CFD Toolbox           |
|  \\    /   O peration     | Version:  2412                                  |
|   \\  /    A nd           | Website:  www.openfoam.com                      |
|    \\/     M anipulation  |                                                 |
\*---------------------------------------------------------------------------*/
FoamFile
{
    version     2.0;
    format      ascii;
    arch        "LSB;label=32;scalar=64";
    class       labelList;
    location    "constant/polyMesh";
    object      neighbour;
}
// * * * * * * * * * * * * * * * * * * * * * * * * * * * * * * * * * * * * * //


5724
(
1
145
321
571
572
1725
2
4
46
144
3
45
321
4
320
5
571
6
144
146
7
143
147
8
142
148
9
141
149
10
140
150
11
139
151
12
138
152
13
137
153
14
136
154
15
155
16
136
478
17
135
459
18
118
458
19
117
439
20
100
438
21
99
419
22
82
418
23
81
399
24
64
398
25
63
379
26
378
27
63
867
28
62
868
29
61
869
30
60
870
31
59
871
32
58
872
33
57
873
34
56
874
35
55
875
36
54
350
37
349
38
54
978
39
53
977
40
52
976
41
51
975
42
50
974
43
49
973
44
48
972
45
47
971
46
970
47
127
1725
48
126
1726
49
109
1662
50
108
1661
51
91
1650
52
90
1655
53
73
1610
54
72
1622
55
1623
56
72
876
57
71
1618
58
70
1617
59
69
1616
60
68
1376
61
67
1375
62
66
1374
63
65
1373
64
1372
65
81
1371
66
80
1382
67
79
1379
68
78
1378
69
77
1377
70
76
1615
71
75
1620
72
74
1619
73
1621
74
90
1611
75
89
1612
76
88
1613
77
87
1614
78
86
1389
79
85
1388
80
84
1384
81
83
1383
82
1370
83
99
1369
84
98
1386
85
97
1385
86
96
1387
87
95
1390
88
94
1391
89
93
1624
90
92
1653
91
1654
92
108
1651
93
107
1652
94
106
1625
95
105
1626
96
104
1364
97
103
1365
98
102
1366
99
101
1367
100
1368
101
117
1487
102
116
1486
103
115
1485
104
114
1484
105
113
1483
106
112
1627
107
111
1657
108
110
1656
109
1660
110
126
1659
111
125
1658
112
124
1629
113
123
1628
114
122
1515
115
121
1514
116
120
1512
117
119
1513
118
1488
119
135
1489
120
134
1492
121
133
1511
122
132
1519
123
131
1516
124
130
1697
125
129
1696
126
128
1701
127
1702
128
144
1724
129
143
1700
130
142
1699
131
141
1698
132
140
1521
133
139
1520
134
138
1510
135
137
1491
136
1490
137
479
138
1508
139
1509
140
1527
141
1528
142
1529
143
1723
144
1722
145
146
1714
1722
1724
147
553
571
148
552
1722
149
535
1723
150
534
1529
151
517
1528
152
516
1527
153
499
1509
154
498
1508
155
479
481
156
478
157
477
481
158
476
482
159
475
483
160
474
484
161
473
485
162
472
486
163
471
487
164
470
488
165
469
489
166
208
167
209
489
168
228
490
169
229
507
170
248
508
171
249
525
172
268
526
173
269
543
174
288
544
175
289
561
176
308
562
177
311
178
308
310
179
307
331
180
306
332
181
305
333
182
304
334
183
303
335
184
302
336
185
301
337
186
300
338
187
299
339
188
340
189
299
359
190
298
360
191
279
361
192
278
362
193
259
363
194
258
364
195
239
365
196
238
366
197
219
367
198
218
368
199
369
200
218
388
201
217
389
202
216
408
203
215
409
204
214
428
205
213
429
206
212
448
207
211
449
208
210
468
209
469
210
228
589
211
227
590
212
226
591
213
225
592
214
224
593
215
223
594
216
222
595
217
221
596
218
220
597
219
598
220
238
599
221
237
606
222
236
607
223
235
610
224
234
611
225
233
773
226
232
772
227
231
771
228
230
770
229
588
230
248
587
231
247
769
232
246
776
233
245
775
234
244
774
235
243
612
236
242
609
237
241
608
238
240
605
239
600
240
258
601
241
257
604
242
256
615
243
255
614
244
254
613
245
253
779
246
252
778
247
251
777
248
250
768
249
586
250
268
585
251
267
767
252
266
782
253
265
781
254
264
780
255
263
618
256
262
617
257
261
616
258
260
603
259
602
260
278
888
261
277
889
262
276
890
263
275
1049
264
274
1050
265
273
1068
266
272
1069
267
271
1437
268
270
766
269
584
270
288
583
271
287
765
272
286
1436
273
285
1070
274
284
1071
275
283
1051
276
282
1052
277
281
891
278
280
892
279
887
280
298
886
281
297
893
282
296
894
283
295
1053
284
294
1054
285
293
1072
286
292
1073
287
291
1435
288
290
764
289
582
290
308
581
291
307
1544
292
306
1434
293
305
1074
294
304
1075
295
303
1055
296
302
1056
297
301
895
298
300
896
299
885
300
898
301
897
302
1058
303
1057
304
1077
305
1076
306
1432
307
1433
308
1545
309
310
562
579
581
1545
311
329
331
312
562
313
329
563
314
328
564
315
327
565
316
326
566
317
325
567
318
324
568
319
323
569
320
322
570
321
571
322
970
323
572
969
324
573
950
325
574
949
326
575
930
327
576
929
328
577
910
329
578
909
330
579
331
907
909
1546
332
1545
333
907
1433
334
906
1432
335
905
1076
336
904
1077
337
903
1057
338
902
1058
339
897
901
340
898
900
341
359
342
358
900
343
357
919
344
356
920
345
355
939
346
354
940
347
353
959
348
352
960
349
351
979
350
978
351
875
1623
352
858
980
353
857
981
354
840
982
355
839
983
356
822
984
357
821
985
358
804
986
359
803
899
360
898
361
803
885
362
802
886
363
801
887
364
800
888
365
602
799
366
601
798
367
600
797
368
599
796
369
598
795
370
388
371
387
795
372
386
812
373
385
813
374
384
830
375
383
831
376
382
848
377
381
849
378
380
866
379
867
380
398
1372
381
397
1230
382
396
1229
383
395
1228
384
394
1227
385
393
1003
386
392
1002
387
391
1001
388
390
794
389
598
390
408
597
391
407
793
392
406
1006
393
405
1005
394
404
1004
395
403
1226
396
402
1233
397
401
1232
398
400
1231
399
1371
400
418
1370
401
417
1351
402
416
1350
403
415
1234
404
414
1225
405
413
1013
406
412
1012
407
411
1007
408
410
792
409
596
410
428
595
411
427
791
412
426
1008
413
425
1011
414
424
1014
415
423
1224
416
422
1235
417
421
1349
418
420
1352
419
1369
420
438
1368
421
437
1353
422
436
1348
423
435
1236
424
434
1237
425
433
1015
426
432
1010
427
431
1009
428
430
790
429
594
430
448
593
431
447
789
432
446
1168
433
445
1169
434
444
1172
435
443
1339
436
442
1340
437
441
1347
438
440
1468
439
1487
440
458
1488
441
457
1467
442
456
1346
443
455
1341
444
454
1338
445
453
1171
446
452
1170
447
451
1167
448
450
788
449
592
450
468
591
451
467
787
452
466
1166
453
465
1317
454
464
1318
455
463
1337
456
462
1342
457
461
1345
458
460
1466
459
1489
460
478
1490
461
477
1465
462
476
1344
463
475
1343
464
474
1336
465
473
1319
466
472
1316
467
471
1165
468
470
1164
469
590
470
589
471
1323
472
1322
473
1321
474
1320
475
1455
476
1456
477
1457
478
480
479
480
1490
1508
481
1457
1465
1507
482
498
483
497
1457
484
496
1456
485
495
1455
486
494
1320
487
493
1321
488
492
1322
489
491
1323
490
589
491
507
588
492
506
1324
493
505
1327
494
504
1328
495
503
1331
496
502
1454
497
501
1459
498
500
1458
499
1507
500
516
1506
501
515
1505
502
514
1504
503
513
1453
504
512
1330
505
511
1329
506
510
1326
507
509
1325
508
587
509
525
586
510
524
1448
511
523
1449
512
522
1450
513
521
1451
514
520
1452
515
519
1503
516
518
1525
517
1526
518
534
1523
519
533
1524
520
532
1502
521
531
1501
522
530
1444
523
529
1445
524
528
1446
525
527
1447
526
585
527
543
584
528
542
1537
529
541
1536
530
540
1535
531
539
1534
532
538
1533
533
537
1532
534
536
1531
535
1530
536
552
1720
537
551
1719
538
550
1683
539
549
1682
540
548
1679
541
547
1678
542
546
1562
543
545
1538
544
583
545
561
582
546
560
1561
547
559
1560
548
558
1677
549
557
1680
550
556
1681
551
555
1684
552
554
1718
553
1721
554
570
1714
555
569
1715
556
568
1716
557
567
1717
558
566
1675
559
565
1676
560
564
1559
561
563
580
562
581
563
564
579
565
578
566
577
567
576
568
575
569
574
570
573
571
572
573
1712
1714
574
1711
1715
575
1710
1716
576
1709
1717
577
1673
1675
578
1671
1676
579
1559
1672
580
1546
581
1543
1559
1561
582
1544
583
764
1561
584
765
1538
585
766
1537
586
767
1447
587
768
1448
588
769
1325
589
770
1324
590
1323
591
770
1164
592
771
787
593
772
788
594
773
789
595
611
790
596
610
791
597
607
792
598
606
793
599
794
600
606
997
601
605
998
602
604
1204
603
888
1203
604
616
889
993
605
615
994
606
608
995
607
996
608
610
1039
609
615
1040
610
612
614
1041
611
1038
612
773
1037
613
774
1042
614
618
779
1043
615
617
1044
616
1045
617
890
1046
618
1047
1049
619
780
1050
620
1043
1047
1066
1183
621
646
648
650
622
645
651
1066
623
644
652
1065
624
643
653
1080
625
642
654
1192
626
641
655
1193
627
640
656
1425
628
639
657
1588
629
638
658
1587
630
637
659
1586
631
660
662
1584
632
637
663
1632
633
636
664
1633
634
635
665
1694
635
666
668
1692
636
669
1704
637
670
1635
638
1640
639
670
1639
640
671
1638
641
672
1553
642
673
1552
643
674
1191
644
675
1187
645
676
1186
646
677
1067
647
678
1183
648
679
681
1180
649
682
1043
650
683
685
1044
651
686
1047
652
687
1048
653
688
1064
654
689
1081
655
690
1083
656
691
1194
657
692
1424
658
693
1589
659
694
1590
660
695
1591
661
696
1583
662
697
699
1582
663
700
1581
664
701
1631
665
702
1630
666
703
1695
667
704
1574
668
705
707
1571
669
708
1685
670
709
1689
671
1636
672
709
1637
673
710
1554
674
711
1551
675
712
1550
676
713
1188
677
714
1185
678
715
1184
679
716
1182
680
717
1181
681
718
734
1178
682
735
1179
683
736
1042
684
737
1041
685
738
739
1040
686
1045
1113
687
1046
1114
688
1063
1123
689
1062
1124
690
1061
1087
691
1084
1087
692
1088
1195
693
1089
1412
694
1090
1411
695
1091
1410
696
1092
1409
697
1092
1407
698
1093
1394
699
1094
1096
1393
700
1097
1392
701
1098
1580
702
1099
1579
703
1100
1578
704
1101
1577
705
753
1573
706
754
1572
707
755
757
1569
708
758
1570
709
759
1686
710
1688
711
759
1555
712
726
1556
713
725
1549
714
725
1541
715
724
1540
716
723
1438
717
722
783
718
721
784
719
720
785
720
732
734
1311
721
731
1313
722
730
1160
723
729
1441
724
728
1564
725
727
1563
726
762
727
759
761
728
758
1566
729
757
1565
730
756
1442
731
1022
1159
732
1021
1314
733
1020
1310
734
1019
1033
1175
735
1176
736
1033
1035
737
1032
1141
738
1031
1140
739
1139
1145
740
1113
1137
741
1112
1145
1218
742
1111
1146
1257
743
1110
1147
1256
744
1109
1148
1255
745
1108
1300
1381
746
1107
1297
1300
747
1106
1301
1358
748
1105
1302
1359
749
1104
1303
1478
750
1103
1304
1477
751
1102
1305
1494
752
1154
1305
1462
753
1102
1155
1497
754
1101
1498
755
1155
1499
756
1023
1500
757
1022
1443
758
1568
759
1567
760
761
1567
1674
1680
1686
762
1557
1566
1677
763
1558
1560
1563
764
1539
1541
1543
1561
765
1435
1544
766
1436
1539
767
1437
1439
768
782
1440
769
777
1161
770
776
1162
771
1163
772
776
786
773
775
1177
774
1036
775
779
1179
776
778
1178
777
785
778
782
784
779
781
1181
780
1180
781
1068
1183
782
1069
1182
783
1437
784
1182
1438
1440
785
1161
1181
786
1162
1178
787
1163
1177
1311
788
1164
1166
789
1167
1177
790
1036
1168
791
1009
1037
792
1008
1038
793
1007
1039
794
996
1006
795
997
1001
796
812
797
811
997
798
810
998
799
809
1204
800
808
1203
801
807
1202
802
806
1201
803
805
1200
804
884
805
821
883
806
820
1199
807
819
1278
808
818
1277
809
817
1206
810
816
1205
811
815
999
812
814
1000
813
1001
814
830
1002
815
829
1210
816
828
1209
817
827
1208
818
826
1207
819
825
1276
820
824
1279
821
823
1198
822
882
823
839
881
824
838
1401
825
837
1280
826
836
1281
827
835
1214
828
834
1213
829
833
1212
830
832
1211
831
1003
832
848
1227
833
847
1244
834
846
1245
835
845
1260
836
844
1261
837
843
1282
838
842
1283
839
841
1402
840
880
841
857
879
842
856
1403
843
855
1284
844
854
1285
845
853
1262
846
852
1263
847
851
1246
848
850
1247
849
1228
850
866
1229
851
865
1248
852
864
1249
853
863
1264
854
862
1265
855
861
1286
856
860
1287
857
859
1404
858
878
859
875
877
860
874
1405
861
873
1288
862
872
1289
863
871
1266
864
870
1267
865
869
1250
866
868
1251
867
1230
868
1372
869
1373
870
1374
871
1375
872
1376
873
1616
874
1617
875
1618
876
877
1618
1621
1623
878
980
1405
1603
879
981
1404
1602
880
982
1403
1601
881
983
1402
1600
882
984
1401
1413
883
985
1196
1198
884
986
1085
1199
885
899
989
1200
886
896
898
887
893
1200
888
892
1201
889
1202
890
892
992
891
1049
1063
892
894
1052
1062
893
991
894
896
990
895
1053
1061
896
1056
1058
1060
897
989
898
988
1058
899
900
986
988
901
919
902
918
988
903
917
1059
904
916
1419
905
915
1078
906
914
1430
907
913
1431
908
1547
909
911
913
1548
910
1672
911
929
1671
912
928
1670
913
925
927
1668
914
1669
915
925
1429
916
924
1420
917
923
1418
918
922
1417
919
921
987
920
986
921
939
985
922
938
1415
923
937
1416
924
936
1422
925
935
1421
926
1428
927
933
935
1427
928
932
1667
929
931
1708
930
1673
931
949
1709
932
948
1707
933
947
1666
934
946
1645
935
943
945
1646
936
1426
937
943
1423
938
942
1598
939
941
1414
940
984
941
959
983
942
958
1599
943
957
1597
944
1596
945
955
957
1595
946
954
1647
947
953
1644
948
952
1665
949
951
1706
950
1710
951
969
1711
952
968
1705
953
967
1664
954
966
1643
955
965
1648
956
964
1594
957
961
963
1608
958
1607
959
961
1606
960
982
961
979
981
962
1605
963
977
979
1604
964
976
1609
965
975
1593
966
974
1649
967
973
1642
968
972
1663
969
971
1727
970
1712
971
1725
972
1726
973
1662
974
1661
975
1650
976
1655
977
1610
978
1622
979
1623
980
981
1604
1623
982
1605
983
1606
984
1599
985
1414
986
1415
987
988
1085
1415
1417
989
1059
990
1060
1085
991
1061
1086
1200
992
1062
1133
1201
993
1063
1134
1202
994
1046
1135
1203
995
1045
1136
1204
996
998
1040
1137
997
1039
1138
998
1000
999
1204
1000
1137
1205
1209
1001
1138
1210
1002
1006
1003
1005
1210
1004
1211
1227
1005
1013
1220
1226
1006
1012
1219
1007
1138
1008
1012
1139
1009
1011
1140
1010
1141
1168
1011
1015
1142
1169
1012
1014
1143
1013
1144
1014
1221
1225
1015
1222
1224
1016
1172
1237
1017
1142
1173
1222
1238
1018
1028
1030
1032
1019
1027
1033
1173
1020
1026
1174
1021
1025
1309
1022
1024
1333
1023
1158
1024
1155
1157
1025
1154
1334
1026
1153
1308
1027
1152
1473
1028
1151
1472
1029
1150
1238
1030
1147
1149
1223
1031
1146
1222
1032
1143
1145
1033
1142
1034
1035
1142
1169
1173
1175
1036
1141
1168
1176
1037
1177
1179
1038
1042
1141
1039
1041
1140
1040
1139
1041
1045
1042
1044
1043
1179
1044
1180
1045
1047
1046
1047
1063
1048
1049
1063
1064
1066
1050
1052
1051
1066
1068
1052
1054
1065
1071
1053
1064
1054
1056
1081
1055
1072
1080
1056
1075
1077
1079
1057
1082
1058
1077
1419
1059
1060
1417
1419
1061
1082
1084
1062
1081
1063
1064
1065
1081
1066
1080
1186
1067
1068
1183
1184
1186
1069
1071
1070
1184
1437
1071
1073
1185
1436
1072
1186
1073
1075
1187
1074
1188
1435
1075
1189
1432
1434
1076
1190
1077
1430
1432
1078
1079
1419
1420
1430
1080
1082
1190
1192
1081
1187
1082
1083
1419
1084
1192
1194
1418
1085
1195
1417
1086
1196
1087
1133
1197
1199
1088
1124
1089
1125
1197
1090
1126
1400
1091
1127
1399
1092
1128
1398
1093
1397
1094
1128
1396
1095
1119
1291
1096
1108
1118
1293
1097
1107
1295
1098
1106
1362
1099
1105
1363
1100
1104
1482
1101
1103
1481
1102
1517
1103
1518
1104
1480
1105
1479
1106
1360
1107
1361
1108
1296
1109
1269
1110
1118
1270
1111
1117
1259
1112
1116
1258
1113
1115
1217
1114
1136
1115
1123
1135
1116
1122
1216
1117
1121
1215
1118
1120
1272
1119
1271
1120
1128
1292
1121
1127
1273
1122
1126
1274
1123
1125
1275
1124
1134
1125
1133
1126
1132
1127
1131
1128
1130
1129
1130
1284
1292
1396
1398
1131
1273
1283
1399
1132
1274
1280
1400
1133
1197
1275
1279
1134
1278
1135
1275
1277
1136
1206
1216
1137
1205
1217
1138
1218
1139
1219
1140
1144
1141
1143
1142
1143
1144
1222
1145
1219
1221
1146
1147
1221
1148
1242
1149
1241
1300
1150
1240
1301
1151
1239
1302
1152
1303
1471
1153
1304
1474
1154
1305
1307
1155
1461
1156
1157
1461
1497
1499
1503
1158
1334
1452
1500
1159
1333
1443
1451
1160
1314
1442
1450
1161
1313
1441
1449
1162
1440
1448
1163
1313
1325
1164
1312
1324
1165
1323
1166
1312
1316
1322
1167
1311
1317
1168
1170
1176
1169
1170
1172
1171
1175
1317
1172
1174
1318
1338
1173
1339
1174
1472
1175
1309
1473
1176
1310
1177
1311
1178
1179
1181
1180
1181
1183
1182
1183
1184
1185
1438
1186
1188
1540
1187
1188
1190
1189
1541
1190
1431
1542
1550
1191
1430
1192
1429
1550
1552
1193
1420
1194
1421
1425
1552
1195
1422
1424
1196
1412
1416
1197
1413
1415
1198
1400
1199
1279
1401
1200
1278
1201
1202
1278
1203
1277
1204
1206
1205
1206
1208
1207
1277
1208
1214
1216
1276
1209
1213
1217
1210
1212
1218
1211
1219
1212
1220
1244
1213
1245
1257
1214
1258
1260
1215
1261
1281
1216
1258
1272
1274
1217
1275
1218
1258
1219
1257
1220
1221
1243
1257
1222
1242
1223
1224
1238
1240
1242
1225
1235
1237
1226
1234
1242
1227
1233
1243
1228
1244
1229
1233
1247
1230
1232
1248
1231
1251
1372
1232
1252
1351
1371
1233
1253
1350
1234
1254
1235
1241
1350
1236
1240
1349
1237
1239
1340
1348
1238
1339
1239
1472
1240
1355
1471
1241
1356
1242
1254
1299
1243
1244
1254
1256
1245
1247
1246
1256
1260
1247
1249
1255
1263
1248
1254
1249
1251
1253
1250
1264
1381
1251
1267
1374
1380
1252
1373
1253
1298
1380
1382
1254
1299
1381
1255
1256
1270
1381
1257
1259
1258
1259
1260
1270
1272
1261
1263
1262
1272
1282
1263
1265
1271
1285
1264
1270
1265
1267
1269
1266
1286
1293
1267
1289
1294
1376
1268
1375
1269
1294
1296
1378
1380
1270
1293
1381
1271
1272
1292
1293
1273
1274
1282
1292
1275
1281
1276
1277
1279
1281
1278
1279
1280
1281
1283
1401
1282
1283
1285
1284
1402
1285
1287
1403
1286
1292
1287
1289
1291
1288
1396
1404
1289
1395
1405
1617
1290
1616
1291
1294
1393
1395
1615
1292
1293
1396
1294
1295
1377
1296
1362
1389
1393
1297
1361
1388
1298
1358
1380
1384
1299
1351
1357
1383
1300
1350
1356
1301
1302
1356
1303
1355
1304
1470
1305
1475
1306
1307
1345
1463
1475
1493
1308
1342
1460
1474
1309
1335
1337
1473
1310
1318
1332
1311
1315
1317
1312
1313
1315
1327
1314
1326
1315
1329
1333
1316
1328
1332
1317
1319
1321
1318
1319
1337
1320
1332
1336
1321
1331
1455
1322
1328
1323
1327
1324
1325
1327
1326
1448
1327
1329
1449
1328
1329
1331
1330
1450
1331
1333
1451
1453
1332
1454
1333
1335
1334
1335
1453
1461
1336
1454
1460
1337
1343
1455
1338
1342
1339
1341
1473
1340
1472
1341
1347
1471
1342
1346
1474
1343
1345
1344
1456
1460
1345
1457
1463
1465
1346
1466
1347
1467
1475
1348
1468
1470
1349
1353
1355
1350
1352
1356
1351
1352
1370
1353
1357
1369
1354
1368
1468
1355
1357
1359
1367
1469
1356
1470
1357
1358
1386
1359
1361
1385
1360
1366
1478
1361
1363
1365
1479
1362
1387
1363
1390
1392
1364
1482
1580
1365
1390
1483
1626
1366
1387
1484
1367
1385
1485
1368
1386
1486
1369
1487
1370
1386
1371
1383
1372
1382
1373
1374
1382
1375
1379
1376
1378
1377
1616
1378
1389
1615
1379
1388
1380
1382
1384
1381
1383
1384
1386
1385
1388
1386
1387
1388
1390
1389
1390
1614
1391
1392
1614
1624
1626
1393
1580
1582
1394
1614
1395
1407
1582
1613
1396
1406
1620
1397
1398
1404
1406
1602
1399
1403
1601
1400
1402
1600
1401
1413
1402
1403
1404
1405
1406
1618
1407
1603
1619
1408
1583
1612
1409
1592
1603
1609
1611
1410
1591
1602
1608
1411
1590
1601
1607
1412
1589
1597
1600
1413
1424
1598
1414
1600
1415
1598
1599
1416
1417
1422
1598
1418
1419
1420
1422
1421
1429
1422
1426
1428
1423
1424
1426
1596
1598
1425
1589
1426
1553
1588
1427
1646
1428
1553
1645
1667
1429
1552
1668
1430
1669
1431
1432
1547
1669
1433
1434
1545
1547
1435
1542
1544
1436
1541
1437
1540
1438
1439
1540
1440
1537
1539
1564
1441
1447
1442
1446
1564
1443
1445
1565
1444
1500
1568
1445
1451
1501
1534
1446
1450
1535
1447
1449
1536
1448
1537
1449
1450
1451
1452
1453
1501
1503
1454
1504
1455
1459
1456
1457
1459
1458
1459
1463
1505
1507
1460
1504
1461
1463
1462
1504
1463
1495
1497
1505
1464
1465
1491
1493
1495
1507
1466
1490
1467
1489
1493
1468
1476
1488
1469
1487
1470
1476
1478
1486
1471
1475
1472
1474
1473
1474
1475
1476
1477
1493
1513
1478
1480
1494
1512
1479
1485
1480
1482
1484
1481
1514
1518
1482
1515
1517
1578
1483
1579
1484
1515
1627
1485
1514
1486
1512
1487
1513
1488
1489
1513
1490
1492
1491
1492
1508
1510
1493
1511
1513
1494
1495
1511
1518
1496
1506
1510
1497
1518
1520
1522
1526
1498
1525
1499
1522
1524
1573
1500
1502
1572
1501
1569
1502
1533
1503
1524
1532
1504
1525
1505
1506
1525
1507
1509
1526
1508
1509
1510
1527
1511
1520
1512
1519
1513
1514
1515
1519
1516
1628
1517
1519
1521
1697
1518
1522
1577
1519
1520
1521
1527
1522
1528
1698
1523
1576
1524
1526
1528
1530
1525
1531
1526
1527
1528
1529
1530
1698
1723
1531
1576
1720
1532
1573
1719
1533
1572
1683
1534
1569
1682
1535
1568
1679
1536
1565
1678
1537
1562
1564
1538
1539
1561
1562
1540
1563
1541
1542
1543
1547
1549
1544
1546
1558
1545
1546
1547
1672
1548
1549
1669
1670
1672
1550
1556
1558
1551
1669
1552
1554
1556
1668
1553
1554
1638
1555
1637
1667
1556
1674
1688
1708
1557
1670
1558
1671
1674
1676
1559
1672
1560
1676
1561
1562
1677
1563
1678
1564
1566
1565
1566
1568
1567
1678
1568
1570
1679
1569
1570
1572
1571
1682
1686
1572
1574
1683
1685
1573
1574
1576
1575
1692
1719
1576
1693
1695
1699
1720
1577
1698
1578
1695
1697
1579
1628
1630
1580
1627
1631
1581
1626
1582
1584
1625
1631
1583
1624
1584
1592
1653
1585
1632
1652
1586
1592
1641
1649
1651
1587
1591
1640
1648
1588
1590
1639
1647
1589
1638
1646
1590
1596
1591
1595
1592
1594
1593
1654
1594
1609
1649
1655
1595
1608
1648
1596
1607
1647
1597
1646
1598
1599
1607
1600
1606
1601
1602
1606
1603
1605
1604
1621
1605
1609
1622
1606
1608
1607
1608
1609
1610
1611
1622
1655
1612
1621
1654
1613
1619
1653
1614
1620
1624
1615
1616
1620
1617
1618
1620
1619
1620
1621
1622
1623
1625
1653
1626
1652
1657
1627
1628
1657
1629
1697
1630
1657
1658
1696
1631
1633
1695
1632
1657
1633
1641
1656
1634
1658
1694
1635
1641
1659
1663
1703
1636
1640
1664
1704
1637
1639
1665
1689
1638
1666
1688
1639
1645
1640
1644
1641
1643
1642
1660
1643
1649
1661
1663
1644
1648
1664
1645
1647
1665
1646
1666
1647
1648
1649
1650
1651
1655
1661
1652
1654
1660
1653
1656
1654
1655
1657
1658
1660
1659
1701
1660
1662
1702
1661
1662
1663
1726
1664
1727
1665
1705
1666
1706
1667
1707
1668
1708
1669
1670
1671
1708
1672
1673
1674
1708
1709
1675
1687
1676
1680
1717
1677
1678
1680
1679
1680
1682
1681
1682
1684
1686
1717
1683
1684
1719
1685
1716
1718
1686
1690
1692
1687
1688
1690
1709
1717
1689
1707
1690
1704
1706
1691
1710
1716
1692
1704
1711
1713
1715
1693
1718
1694
1700
1713
1721
1695
1701
1703
1696
1697
1699
1701
1698
1699
1700
1723
1701
1722
1724
1702
1703
1724
1726
1704
1713
1727
1705
1706
1711
1727
1707
1710
1708
1709
1710
1711
1712
1713
1725
1727
1714
1724
1715
1721
1716
1718
1717
1719
1721
1720
1721
1723
1722
1723
1725
1726
1727
-1
-1
-1
-1
-1
-1
-1
-1
-1
-1
-1
-1
-1
-1
-1
-1
-1
-1
-1
-1
-1
-1
-1
-1
-1
-1
-1
-1
-1
-1
-1
-1
-1
-1
-1
-1
-1
-1
-1
-1
-1
-1
-1
-1
-1
-1
-1
-1
-1
-1
-1
-1
-1
-1
-1
-1
-1
-1
-1
-1
-1
-1
-1
-1
-1
-1
-1
-1
-1
-1
-1
-1
-1
-1
-1
-1
-1
-1
-1
-1
-1
-1
-1
-1
-1
-1
-1
-1
-1
-1
-1
-1
-1
-1
-1
-1
-1
-1
-1
-1
-1
-1
-1
-1
-1
-1
-1
-1
-1
-1
-1
-1
-1
-1
-1
-1
-1
-1
-1
-1
-1
-1
-1
-1
-1
-1
-1
-1
-1
-1
-1
-1
-1
-1
-1
-1
-1
-1
-1
-1
-1
-1
-1
-1
-1
-1
-1
-1
-1
-1
-1
-1
-1
-1
-1
-1
-1
-1
-1
-1
-1
-1
-1
-1
-1
-1
-1
-1
-1
-1
-1
-1
-1
-1
-1
-1
-1
-1
-1
-1
-1
-1
-1
-1
-1
-1
-1
-1
-1
-1
-1
-1
-1
-1
-1
-1
-1
-1
-1
-1
-1
-1
-1
-1
-1
-1
-1
-1
-1
-1
-1
-1
-1
-1
-1
-1
-1
-1
-1
-1
-1
-1
-1
-1
-1
-1
-1
-1
-1
-1
-1
-1
-1
-1
-1
-1
-1
-1
-1
-1
-1
-1
-1
-1
-1
-1
-1
-1
-1
-1
-1
-1
-1
-1
-1
-1
-1
-1
-1
-1
-1
-1
-1
-1
-1
-1
-1
-1
-1
-1
-1
-1
-1
-1
-1
-1
-1
-1
-1
-1
-1
-1
-1
-1
-1
-1
-1
-1
-1
-1
-1
-1
-1
-1
-1
-1
-1
-1
-1
-1
-1
-1
-1
-1
-1
-1
-1
-1
-1
-1
-1
-1
-1
-1
-1
-1
-1
-1
-1
-1
-1
-1
-1
-1
-1
-1
-1
-1
-1
-1
-1
-1
-1
-1
-1
-1
-1
-1
-1
-1
-1
-1
-1
-1
-1
-1
-1
-1
-1
-1
-1
-1
-1
-1
-1
-1
-1
-1
-1
-1
-1
-1
-1
-1
-1
-1
-1
-1
-1
-1
-1
-1
-1
-1
-1
-1
-1
-1
-1
-1
-1
-1
-1
-1
-1
-1
-1
-1
-1
-1
-1
-1
-1
-1
-1
-1
-1
-1
-1
-1
-1
-1
-1
-1
-1
-1
-1
-1
-1
-1
-1
-1
-1
-1
-1
-1
-1
-1
-1
-1
-1
-1
-1
-1
-1
-1
-1
-1
-1
-1
-1
-1
-1
-1
-1
-1
-1
-1
-1
-1
-1
-1
-1
-1
-1
-1
-1
-1
-1
-1
-1
-1
-1
-1
-1
-1
-1
-1
-1
-1
-1
-1
-1
-1
-1
-1
-1
-1
-1
-1
-1
-1
-1
-1
-1
-1
-1
-1
-1
-1
-1
-1
-1
-1
-1
-1
-1
-1
-1
-1
-1
-1
-1
-1
-1
-1
-1
-1
-1
-1
-1
-1
-1
-1
-1
-1
-1
-1
-1
-1
-1
-1
-1
-1
-1
-1
-1
-1
-1
-1
-1
-1
-1
-1
-1
-1
-1
-1
-1
-1
-1
-1
-1
-1
-1
-1
-1
-1
-1
-1
-1
-1
-1
-1
-1
-1
-1
-1
-1
-1
-1
-1
-1
-1
-1
-1
-1
-1
-1
-1
-1
-1
-1
-1
-1
-1
-1
-1
-1
-1
-1
-1
-1
-1
-1
-1
-1
-1
-1
-1
-1
-1
-1
-1
-1
-1
-1
-1
-1
-1
-1
-1
-1
-1
-1
-1
-1
-1
-1
-1
-1
-1
-1
-1
-1
-1
-1
-1
-1
-1
-1
-1
-1
-1
-1
-1
-1
-1
-1
-1
-1
-1
-1
-1
-1
-1
-1
-1
-1
-1
-1
-1
-1
-1
-1
-1
-1
-1
-1
-1
-1
-1
-1
-1
-1
-1
-1
-1
-1
-1
-1
-1
-1
-1
-1
-1
-1
-1
-1
-1
-1
-1
-1
-1
-1
-1
-1
-1
-1
-1
-1
-1
-1
-1
-1
-1
-1
-1
-1
-1
-1
-1
-1
-1
-1
-1
-1
-1
-1
-1
-1
-1
-1
-1
-1
-1
-1
-1
-1
-1
-1
-1
-1
-1
-1
-1
-1
-1
-1
-1
-1
-1
-1
-1
-1
-1
-1
-1
-1
-1
-1
-1
-1
-1
-1
-1
-1
-1
-1
-1
-1
-1
-1
-1
-1
-1
-1
-1
-1
-1
-1
-1
-1
-1
-1
-1
-1
-1
-1
-1
-1
-1
-1
-1
-1
-1
-1
-1
-1
-1
-1
-1
-1
-1
-1
-1
-1
-1
-1
-1
-1
-1
-1
-1
-1
-1
-1
-1
-1
-1
-1
-1
-1
-1
-1
-1
-1
-1
-1
-1
-1
-1
-1
-1
-1
-1
-1
-1
-1
-1
-1
-1
-1
-1
-1
-1
-1
-1
-1
-1
-1
-1
-1
-1
-1
-1
-1
-1
-1
-1
-1
-1
-1
-1
-1
-1
-1
-1
-1
-1
-1
-1
-1
-1
-1
-1
-1
-1
-1
-1
-1
-1
-1
-1
-1
-1
-1
-1
-1
-1
-1
-1
-1
-1
-1
-1
-1
-1
-1
-1
-1
-1
-1
-1
-1
-1
-1
-1
-1
-1
-1
-1
-1
-1
-1
-1
-1
-1
-1
-1
-1
-1
-1
-1
-1
-1
-1
-1
-1
-1
-1
-1
-1
-1
-1
-1
-1
-1
-1
-1
-1
-1
-1
-1
-1
-1
-1
-1
-1
-1
-1
-1
-1
-1
-1
-1
-1
-1
-1
-1
-1
-1
-1
-1
-1
-1
-1
-1
-1
-1
-1
-1
-1
-1
-1
-1
-1
-1
-1
-1
-1
-1
-1
-1
-1
-1
-1
-1
-1
-1
-1
-1
-1
-1
-1
-1
-1
-1
-1
-1
-1
-1
-1
-1
-1
-1
-1
-1
-1
-1
-1
-1
-1
-1
-1
-1
-1
-1
-1
-1
-1
-1
-1
-1
-1
-1
-1
-1
-1
-1
-1
-1
-1
-1
-1
-1
-1
-1
-1
-1
-1
-1
-1
-1
-1
-1
-1
-1
-1
-1
-1
-1
-1
-1
-1
-1
-1
-1
-1
-1
-1
-1
-1
-1
-1
-1
-1
-1
-1
-1
-1
-1
-1
-1
-1
-1
-1
-1
-1
-1
-1
-1
-1
-1
-1
-1
-1
-1
-1
-1
-1
-1
-1
-1
-1
-1
-1
-1
-1
-1
-1
-1
-1
-1
-1
-1
-1
-1
-1
-1
-1
-1
-1
-1
-1
-1
-1
-1
-1
-1
)


// ************************************************************************* //
