/*--------------------------------*- C++ -*----------------------------------*\
| =========                 |                                                 |
| \\      /  F ield         | OpenFOAM: The Open Source CFD Toolbox           |
|  \\    /   O peration     | Version:  2412                                  |
|   \\  /    A nd           | Website:  www.openfoam.com                      |
|    \\/     M anipulation  |                                                 |
\*---------------------------------------------------------------------------*/
FoamFile
{
    version     2.0;
    format      ascii;
    arch        "LSB;label=32;scalar=64";
    class       labelList;
    location    "constant/polyMesh";
    object      owner;
}
// * * * * * * * * * * * * * * * * * * * * * * * * * * * * * * * * * * * * * //


5724
(
0
0
0
0
0
0
1
1
1
1
2
2
2
3
3
4
4
5
5
5
6
6
6
7
7
7
8
8
8
9
9
9
10
10
10
11
11
11
12
12
12
13
13
13
14
14
15
15
15
16
16
16
17
17
17
18
18
18
19
19
19
20
20
20
21
21
21
22
22
22
23
23
23
24
24
24
25
25
26
26
26
27
27
27
28
28
28
29
29
29
30
30
30
31
31
31
32
32
32
33
33
33
34
34
34
35
35
35
36
36
37
37
37
38
38
38
39
39
39
40
40
40
41
41
41
42
42
42
43
43
43
44
44
44
45
45
46
46
46
47
47
47
48
48
48
49
49
49
50
50
50
51
51
51
52
52
52
53
53
53
54
54
55
55
55
56
56
56
57
57
57
58
58
58
59
59
59
60
60
60
61
61
61
62
62
62
63
63
64
64
64
65
65
65
66
66
66
67
67
67
68
68
68
69
69
69
70
70
70
71
71
71
72
72
73
73
73
74
74
74
75
75
75
76
76
76
77
77
77
78
78
78
79
79
79
80
80
80
81
81
82
82
82
83
83
83
84
84
84
85
85
85
86
86
86
87
87
87
88
88
88
89
89
89
90
90
91
91
91
92
92
92
93
93
93
94
94
94
95
95
95
96
96
96
97
97
97
98
98
98
99
99
100
100
100
101
101
101
102
102
102
103
103
103
104
104
104
105
105
105
106
106
106
107
107
107
108
108
109
109
109
110
110
110
111
111
111
112
112
112
113
113
113
114
114
114
115
115
115
116
116
116
117
117
118
118
118
119
119
119
120
120
120
121
121
121
122
122
122
123
123
123
124
124
124
125
125
125
126
126
127
127
127
128
128
128
129
129
129
130
130
130
131
131
131
132
132
132
133
133
133
134
134
134
135
135
136
136
137
137
138
138
139
139
140
140
141
141
142
142
143
143
144
145
145
145
145
146
146
146
147
147
147
148
148
148
149
149
149
150
150
150
151
151
151
152
152
152
153
153
153
154
154
154
155
155
156
156
156
157
157
157
158
158
158
159
159
159
160
160
160
161
161
161
162
162
162
163
163
163
164
164
164
165
165
166
166
166
167
167
167
168
168
168
169
169
169
170
170
170
171
171
171
172
172
172
173
173
173
174
174
174
175
175
175
176
176
177
177
177
178
178
178
179
179
179
180
180
180
181
181
181
182
182
182
183
183
183
184
184
184
185
185
185
186
186
186
187
187
188
188
188
189
189
189
190
190
190
191
191
191
192
192
192
193
193
193
194
194
194
195
195
195
196
196
196
197
197
197
198
198
199
199
199
200
200
200
201
201
201
202
202
202
203
203
203
204
204
204
205
205
205
206
206
206
207
207
207
208
208
209
209
209
210
210
210
211
211
211
212
212
212
213
213
213
214
214
214
215
215
215
216
216
216
217
217
217
218
218
219
219
219
220
220
220
221
221
221
222
222
222
223
223
223
224
224
224
225
225
225
226
226
226
227
227
227
228
228
229
229
229
230
230
230
231
231
231
232
232
232
233
233
233
234
234
234
235
235
235
236
236
236
237
237
237
238
238
239
239
239
240
240
240
241
241
241
242
242
242
243
243
243
244
244
244
245
245
245
246
246
246
247
247
247
248
248
249
249
249
250
250
250
251
251
251
252
252
252
253
253
253
254
254
254
255
255
255
256
256
256
257
257
257
258
258
259
259
259
260
260
260
261
261
261
262
262
262
263
263
263
264
264
264
265
265
265
266
266
266
267
267
267
268
268
269
269
269
270
270
270
271
271
271
272
272
272
273
273
273
274
274
274
275
275
275
276
276
276
277
277
277
278
278
279
279
279
280
280
280
281
281
281
282
282
282
283
283
283
284
284
284
285
285
285
286
286
286
287
287
287
288
288
289
289
289
290
290
290
291
291
291
292
292
292
293
293
293
294
294
294
295
295
295
296
296
296
297
297
297
298
298
299
299
300
300
301
301
302
302
303
303
304
304
305
305
306
306
307
307
308
309
309
309
309
309
310
310
310
311
311
312
312
312
313
313
313
314
314
314
315
315
315
316
316
316
317
317
317
318
318
318
319
319
319
320
320
321
321
322
322
322
323
323
323
324
324
324
325
325
325
326
326
326
327
327
327
328
328
328
329
329
330
330
330
330
331
331
332
332
332
333
333
333
334
334
334
335
335
335
336
336
336
337
337
337
338
338
338
339
339
339
340
340
341
341
341
342
342
342
343
343
343
344
344
344
345
345
345
346
346
346
347
347
347
348
348
348
349
349
350
350
350
351
351
351
352
352
352
353
353
353
354
354
354
355
355
355
356
356
356
357
357
357
358
358
358
359
359
360
360
360
361
361
361
362
362
362
363
363
363
364
364
364
365
365
365
366
366
366
367
367
367
368
368
368
369
369
370
370
370
371
371
371
372
372
372
373
373
373
374
374
374
375
375
375
376
376
376
377
377
377
378
378
379
379
379
380
380
380
381
381
381
382
382
382
383
383
383
384
384
384
385
385
385
386
386
386
387
387
387
388
388
389
389
389
390
390
390
391
391
391
392
392
392
393
393
393
394
394
394
395
395
395
396
396
396
397
397
397
398
398
399
399
399
400
400
400
401
401
401
402
402
402
403
403
403
404
404
404
405
405
405
406
406
406
407
407
407
408
408
409
409
409
410
410
410
411
411
411
412
412
412
413
413
413
414
414
414
415
415
415
416
416
416
417
417
417
418
418
419
419
419
420
420
420
421
421
421
422
422
422
423
423
423
424
424
424
425
425
425
426
426
426
427
427
427
428
428
429
429
429
430
430
430
431
431
431
432
432
432
433
433
433
434
434
434
435
435
435
436
436
436
437
437
437
438
438
439
439
439
440
440
440
441
441
441
442
442
442
443
443
443
444
444
444
445
445
445
446
446
446
447
447
447
448
448
449
449
449
450
450
450
451
451
451
452
452
452
453
453
453
454
454
454
455
455
455
456
456
456
457
457
457
458
458
459
459
459
460
460
460
461
461
461
462
462
462
463
463
463
464
464
464
465
465
465
466
466
466
467
467
467
468
468
469
469
470
470
471
471
472
472
473
473
474
474
475
475
476
476
477
477
478
479
479
479
480
480
480
480
481
481
482
482
482
483
483
483
484
484
484
485
485
485
486
486
486
487
487
487
488
488
488
489
489
490
490
490
491
491
491
492
492
492
493
493
493
494
494
494
495
495
495
496
496
496
497
497
497
498
498
499
499
499
500
500
500
501
501
501
502
502
502
503
503
503
504
504
504
505
505
505
506
506
506
507
507
508
508
508
509
509
509
510
510
510
511
511
511
512
512
512
513
513
513
514
514
514
515
515
515
516
516
517
517
517
518
518
518
519
519
519
520
520
520
521
521
521
522
522
522
523
523
523
524
524
524
525
525
526
526
526
527
527
527
528
528
528
529
529
529
530
530
530
531
531
531
532
532
532
533
533
533
534
534
535
535
535
536
536
536
537
537
537
538
538
538
539
539
539
540
540
540
541
541
541
542
542
542
543
543
544
544
544
545
545
545
546
546
546
547
547
547
548
548
548
549
549
549
550
550
550
551
551
551
552
552
553
553
553
554
554
554
555
555
555
556
556
556
557
557
557
558
558
558
559
559
559
560
560
560
561
561
562
563
563
564
564
565
565
566
566
567
567
568
568
569
569
570
570
572
572
572
573
573
573
574
574
574
575
575
575
576
576
576
577
577
577
578
578
578
579
579
580
580
580
580
581
581
582
582
582
583
583
583
584
584
584
585
585
585
586
586
586
587
587
587
588
588
588
589
589
590
590
590
591
591
591
592
592
592
593
593
593
594
594
594
595
595
595
596
596
596
597
597
597
598
598
599
599
599
600
600
600
601
601
601
602
602
602
603
603
603
603
604
604
604
605
605
605
606
606
607
607
607
608
608
608
609
609
609
609
610
610
611
611
611
612
612
612
613
613
613
613
614
614
614
615
615
616
616
616
617
617
617
618
618
618
619
619
619
619
619
620
620
620
620
621
621
621
621
622
622
622
622
623
623
623
623
624
624
624
624
625
625
625
625
626
626
626
626
627
627
627
627
628
628
628
628
629
629
629
629
630
630
630
630
631
631
631
631
632
632
632
632
633
633
633
633
634
634
634
634
635
635
635
636
636
636
637
637
638
638
638
639
639
639
640
640
640
641
641
641
642
642
642
643
643
643
644
644
644
645
645
645
646
646
646
647
647
647
647
648
648
648
649
649
649
649
650
650
650
651
651
651
652
652
652
653
653
653
654
654
654
655
655
655
656
656
656
657
657
657
658
658
658
659
659
659
660
660
660
661
661
661
661
662
662
662
663
663
663
664
664
664
665
665
665
666
666
666
667
667
667
667
668
668
668
669
669
669
670
670
671
671
671
672
672
672
673
673
673
674
674
674
675
675
675
676
676
676
677
677
677
678
678
678
679
679
679
680
680
680
680
681
681
681
682
682
682
683
683
683
684
684
684
684
685
685
685
686
686
686
687
687
687
688
688
688
689
689
689
690
690
690
691
691
691
692
692
692
693
693
693
694
694
694
695
695
695
696
696
696
697
697
697
698
698
698
698
699
699
699
700
700
700
701
701
701
702
702
702
703
703
703
704
704
704
705
705
705
706
706
706
706
707
707
707
708
708
708
709
709
710
710
710
711
711
711
712
712
712
713
713
713
714
714
714
715
715
715
716
716
716
717
717
717
718
718
718
719
719
719
719
720
720
720
721
721
721
722
722
722
723
723
723
724
724
724
725
725
726
726
726
727
727
727
728
728
728
729
729
729
730
730
730
731
731
731
732
732
732
733
733
733
733
734
734
735
735
735
736
736
736
737
737
737
738
738
738
739
739
739
740
740
740
740
741
741
741
741
742
742
742
742
743
743
743
743
744
744
744
744
745
745
745
745
746
746
746
746
747
747
747
747
748
748
748
748
749
749
749
749
750
750
750
750
751
751
751
751
752
752
752
752
753
753
753
754
754
754
755
755
755
756
756
756
757
757
758
758
759
760
760
760
760
760
761
761
761
761
762
762
762
762
763
763
763
763
763
764
764
764
765
765
765
766
766
766
767
767
767
768
768
768
769
769
769
770
770
771
771
771
772
772
772
773
773
774
774
774
775
775
775
776
776
777
777
777
778
778
778
779
779
780
780
780
781
781
781
782
782
783
783
783
783
784
784
784
785
785
785
786
786
786
786
787
787
787
788
788
788
789
789
789
790
790
790
791
791
791
792
792
792
793
793
793
794
794
794
795
795
796
796
796
797
797
797
798
798
798
799
799
799
800
800
800
801
801
801
802
802
802
803
803
804
804
804
805
805
805
806
806
806
807
807
807
808
808
808
809
809
809
810
810
810
811
811
811
812
812
813
813
813
814
814
814
815
815
815
816
816
816
817
817
817
818
818
818
819
819
819
820
820
820
821
821
822
822
822
823
823
823
824
824
824
825
825
825
826
826
826
827
827
827
828
828
828
829
829
829
830
830
831
831
831
832
832
832
833
833
833
834
834
834
835
835
835
836
836
836
837
837
837
838
838
838
839
839
840
840
840
841
841
841
842
842
842
843
843
843
844
844
844
845
845
845
846
846
846
847
847
847
848
848
849
849
849
850
850
850
851
851
851
852
852
852
853
853
853
854
854
854
855
855
855
856
856
856
857
857
858
858
858
859
859
859
860
860
860
861
861
861
862
862
862
863
863
863
864
864
864
865
865
865
866
866
867
867
868
868
869
869
870
870
871
871
872
872
873
873
874
874
875
876
876
876
876
877
877
877
877
878
878
878
878
879
879
879
879
880
880
880
880
881
881
881
881
882
882
882
882
883
883
883
883
884
884
884
884
885
885
885
886
886
886
887
887
887
888
888
889
889
889
890
890
890
891
891
891
891
892
892
893
893
893
894
894
894
895
895
895
895
896
896
897
897
897
898
899
899
899
900
900
901
901
901
902
902
902
903
903
903
904
904
904
905
905
905
906
906
906
907
907
908
908
908
908
909
909
910
910
910
911
911
911
912
912
912
912
913
913
914
914
914
915
915
915
916
916
916
917
917
917
918
918
918
919
919
920
920
920
921
921
921
922
922
922
923
923
923
924
924
924
925
925
926
926
926
926
927
927
927
928
928
928
929
929
930
930
930
931
931
931
932
932
932
933
933
933
934
934
934
934
935
935
936
936
936
937
937
937
938
938
938
939
939
940
940
940
941
941
941
942
942
942
943
943
944
944
944
944
945
945
945
946
946
946
947
947
947
948
948
948
949
949
950
950
950
951
951
951
952
952
952
953
953
953
954
954
954
955
955
955
956
956
956
956
957
957
958
958
958
959
959
960
960
960
961
961
962
962
962
962
963
963
963
964
964
964
965
965
965
966
966
966
967
967
967
968
968
968
969
969
970
970
971
971
972
972
973
973
974
974
975
975
976
976
977
977
978
978
979
980
980
980
981
981
982
982
983
983
984
984
985
985
986
987
987
987
987
988
988
989
989
989
990
990
990
990
991
991
991
991
992
992
992
992
993
993
993
993
994
994
994
994
995
995
995
995
996
996
996
997
997
998
998
999
999
999
999
1000
1000
1000
1001
1001
1002
1002
1002
1003
1003
1003
1004
1004
1004
1004
1005
1005
1005
1006
1006
1007
1007
1007
1008
1008
1008
1009
1009
1009
1010
1010
1010
1010
1011
1011
1011
1012
1012
1013
1013
1013
1014
1014
1014
1015
1015
1015
1016
1016
1016
1016
1016
1017
1017
1017
1017
1018
1018
1018
1018
1019
1019
1019
1020
1020
1020
1021
1021
1021
1022
1022
1023
1023
1023
1024
1024
1024
1025
1025
1025
1026
1026
1026
1027
1027
1027
1028
1028
1028
1029
1029
1029
1029
1030
1030
1030
1031
1031
1031
1032
1032
1033
1034
1034
1034
1034
1034
1035
1035
1035
1035
1036
1036
1036
1037
1037
1037
1038
1038
1038
1039
1039
1040
1040
1041
1041
1042
1042
1043
1043
1044
1044
1045
1046
1046
1047
1048
1048
1048
1048
1049
1049
1050
1050
1050
1051
1051
1051
1051
1052
1052
1053
1053
1053
1054
1054
1054
1055
1055
1055
1055
1056
1056
1057
1057
1057
1058
1059
1059
1059
1060
1060
1060
1061
1061
1062
1062
1064
1064
1065
1065
1065
1066
1067
1067
1067
1067
1068
1068
1069
1069
1069
1070
1070
1070
1070
1071
1071
1072
1072
1072
1073
1073
1073
1074
1074
1074
1074
1075
1075
1076
1076
1076
1077
1078
1078
1078
1078
1079
1079
1079
1079
1080
1080
1081
1082
1082
1083
1083
1083
1083
1084
1084
1084
1085
1085
1086
1086
1086
1086
1087
1087
1088
1088
1088
1089
1089
1089
1090
1090
1090
1091
1091
1091
1092
1092
1093
1093
1093
1094
1094
1094
1095
1095
1095
1095
1096
1096
1096
1097
1097
1097
1098
1098
1098
1099
1099
1099
1100
1100
1100
1101
1101
1102
1102
1103
1103
1104
1104
1105
1105
1106
1106
1107
1107
1108
1108
1109
1109
1109
1110
1110
1110
1111
1111
1111
1112
1112
1112
1113
1113
1114
1114
1114
1115
1115
1115
1116
1116
1116
1117
1117
1117
1118
1118
1119
1119
1119
1120
1120
1120
1121
1121
1121
1122
1122
1122
1123
1123
1124
1124
1125
1125
1126
1126
1127
1127
1128
1129
1129
1129
1129
1129
1130
1130
1130
1130
1131
1131
1131
1131
1132
1132
1132
1132
1133
1133
1134
1134
1134
1135
1135
1135
1136
1136
1136
1137
1137
1138
1138
1139
1139
1140
1140
1141
1142
1143
1143
1144
1144
1144
1145
1146
1146
1147
1147
1148
1148
1148
1149
1149
1149
1150
1150
1150
1151
1151
1151
1152
1152
1152
1153
1153
1153
1154
1154
1155
1156
1156
1156
1156
1156
1157
1157
1157
1157
1158
1158
1158
1158
1159
1159
1159
1159
1160
1160
1160
1160
1161
1161
1161
1162
1162
1162
1163
1163
1163
1164
1164
1165
1165
1165
1165
1166
1166
1166
1167
1167
1167
1168
1169
1169
1170
1170
1170
1171
1171
1171
1171
1172
1172
1173
1173
1174
1174
1174
1175
1175
1176
1176
1177
1178
1178
1179
1180
1180
1181
1182
1182
1184
1184
1185
1185
1185
1186
1187
1187
1188
1188
1189
1189
1189
1189
1190
1190
1191
1191
1191
1191
1192
1192
1193
1193
1193
1193
1194
1194
1194
1195
1195
1195
1196
1196
1196
1197
1197
1198
1198
1198
1199
1199
1200
1201
1201
1202
1202
1203
1203
1204
1205
1205
1206
1206
1207
1207
1207
1207
1208
1208
1208
1209
1209
1209
1210
1210
1211
1211
1211
1212
1212
1212
1213
1213
1213
1214
1214
1214
1215
1215
1215
1215
1216
1216
1217
1217
1218
1218
1219
1220
1220
1220
1221
1221
1222
1223
1223
1223
1223
1224
1224
1224
1225
1225
1225
1226
1226
1226
1227
1227
1228
1228
1228
1229
1229
1229
1230
1230
1230
1231
1231
1231
1231
1232
1232
1232
1233
1233
1234
1234
1234
1235
1235
1235
1236
1236
1236
1236
1237
1237
1238
1238
1239
1239
1239
1240
1240
1241
1241
1241
1242
1243
1243
1243
1244
1244
1245
1245
1245
1246
1246
1246
1246
1247
1247
1248
1248
1248
1249
1249
1249
1250
1250
1250
1250
1251
1251
1252
1252
1252
1252
1253
1253
1253
1254
1255
1255
1255
1256
1256
1257
1258
1259
1259
1259
1260
1260
1261
1261
1261
1262
1262
1262
1262
1263
1263
1264
1264
1264
1265
1265
1265
1266
1266
1266
1266
1267
1267
1268
1268
1268
1268
1268
1269
1269
1269
1270
1271
1271
1271
1272
1273
1273
1273
1274
1274
1275
1276
1276
1276
1277
1278
1279
1280
1280
1280
1281
1282
1282
1283
1283
1284
1284
1284
1285
1285
1286
1286
1286
1287
1287
1287
1288
1288
1288
1288
1289
1289
1290
1290
1290
1290
1290
1291
1291
1291
1293
1294
1294
1295
1295
1295
1295
1296
1296
1296
1297
1297
1297
1297
1298
1298
1298
1298
1299
1299
1299
1300
1301
1301
1302
1302
1303
1303
1304
1304
1305
1306
1306
1306
1306
1306
1307
1307
1307
1307
1308
1308
1308
1308
1309
1309
1309
1310
1310
1310
1311
1312
1312
1312
1313
1313
1314
1314
1314
1315
1315
1315
1316
1316
1316
1317
1318
1318
1319
1319
1319
1320
1320
1320
1321
1321
1322
1322
1323
1324
1324
1325
1325
1326
1326
1326
1327
1328
1328
1329
1329
1330
1330
1330
1330
1331
1331
1332
1332
1333
1334
1334
1334
1335
1335
1335
1336
1336
1336
1337
1337
1338
1338
1338
1339
1339
1340
1340
1340
1341
1341
1341
1342
1342
1343
1343
1343
1344
1344
1344
1344
1345
1345
1346
1346
1346
1347
1347
1347
1348
1348
1348
1349
1349
1349
1350
1351
1351
1352
1352
1352
1353
1353
1353
1354
1354
1354
1354
1354
1355
1355
1356
1357
1357
1358
1358
1358
1359
1359
1359
1360
1360
1360
1360
1361
1361
1362
1362
1362
1363
1363
1363
1364
1364
1364
1364
1365
1365
1365
1366
1366
1366
1367
1367
1367
1368
1368
1369
1369
1370
1370
1371
1371
1372
1373
1373
1374
1374
1375
1375
1376
1376
1377
1377
1377
1378
1378
1379
1379
1379
1380
1382
1383
1383
1384
1384
1385
1385
1387
1387
1388
1389
1389
1390
1391
1391
1391
1391
1392
1392
1392
1393
1393
1394
1394
1394
1394
1395
1395
1395
1396
1397
1397
1397
1397
1398
1398
1398
1399
1399
1399
1400
1400
1401
1402
1403
1404
1405
1405
1406
1406
1406
1407
1407
1407
1408
1408
1408
1408
1408
1409
1409
1409
1409
1410
1410
1410
1410
1411
1411
1411
1411
1412
1412
1412
1413
1413
1414
1414
1414
1415
1416
1416
1416
1417
1418
1418
1418
1420
1420
1421
1421
1421
1422
1423
1423
1423
1423
1424
1424
1425
1425
1425
1426
1426
1427
1427
1427
1427
1428
1428
1428
1429
1429
1430
1431
1431
1431
1432
1433
1433
1433
1434
1434
1434
1435
1435
1436
1436
1437
1438
1438
1439
1439
1439
1439
1440
1440
1441
1441
1441
1442
1442
1442
1443
1443
1443
1444
1444
1444
1444
1445
1445
1445
1446
1446
1446
1447
1447
1448
1449
1450
1451
1452
1452
1452
1453
1453
1454
1454
1455
1456
1456
1457
1458
1458
1458
1458
1459
1459
1460
1460
1461
1461
1462
1462
1462
1462
1463
1464
1464
1464
1464
1464
1465
1465
1466
1466
1466
1467
1467
1467
1468
1468
1469
1469
1469
1469
1470
1470
1471
1471
1472
1473
1474
1475
1476
1476
1476
1477
1477
1477
1477
1478
1478
1479
1479
1479
1480
1480
1480
1481
1481
1481
1481
1482
1482
1483
1483
1483
1484
1484
1485
1485
1486
1486
1487
1488
1488
1489
1489
1490
1491
1491
1491
1492
1492
1492
1493
1494
1494
1494
1495
1495
1495
1496
1496
1496
1496
1496
1497
1497
1498
1498
1498
1498
1499
1499
1499
1500
1500
1501
1501
1502
1502
1502
1503
1503
1504
1505
1505
1506
1506
1506
1507
1508
1509
1509
1510
1510
1511
1511
1512
1512
1514
1514
1515
1515
1516
1516
1516
1516
1517
1517
1517
1518
1519
1520
1520
1521
1521
1521
1522
1522
1523
1523
1523
1523
1524
1524
1525
1526
1527
1528
1529
1529
1529
1530
1530
1530
1531
1531
1531
1532
1532
1532
1533
1533
1533
1534
1534
1534
1535
1535
1535
1536
1536
1536
1537
1538
1538
1538
1539
1539
1540
1541
1542
1542
1542
1543
1543
1543
1544
1545
1546
1546
1547
1548
1548
1548
1548
1549
1549
1549
1550
1550
1551
1551
1551
1551
1552
1553
1553
1554
1554
1554
1555
1555
1555
1555
1556
1556
1557
1557
1557
1557
1558
1558
1559
1559
1560
1560
1560
1562
1562
1563
1563
1564
1565
1565
1566
1566
1567
1567
1567
1568
1569
1569
1570
1570
1570
1571
1571
1571
1571
1572
1573
1573
1574
1574
1574
1575
1575
1575
1575
1575
1576
1576
1577
1577
1577
1578
1578
1578
1579
1579
1579
1580
1580
1581
1581
1581
1581
1582
1582
1583
1583
1583
1584
1584
1584
1585
1585
1585
1585
1585
1586
1586
1586
1586
1587
1587
1587
1587
1588
1588
1588
1589
1589
1590
1590
1591
1591
1592
1592
1593
1593
1593
1593
1594
1594
1594
1595
1595
1595
1596
1596
1597
1597
1597
1599
1599
1600
1601
1601
1602
1602
1603
1603
1604
1604
1604
1605
1605
1606
1607
1608
1609
1610
1610
1610
1611
1611
1611
1612
1612
1612
1613
1613
1613
1614
1615
1615
1616
1617
1617
1618
1619
1619
1621
1622
1624
1624
1625
1625
1625
1626
1627
1627
1628
1628
1629
1629
1629
1629
1630
1630
1630
1631
1631
1632
1632
1632
1633
1633
1633
1634
1634
1634
1634
1634
1635
1635
1635
1635
1636
1636
1636
1636
1637
1637
1637
1638
1638
1639
1639
1640
1640
1641
1641
1642
1642
1642
1642
1643
1643
1643
1644
1644
1644
1645
1645
1646
1647
1648
1649
1650
1650
1650
1651
1651
1651
1652
1652
1653
1654
1656
1656
1656
1658
1658
1659
1659
1659
1660
1661
1662
1662
1663
1663
1664
1664
1665
1665
1666
1666
1667
1667
1668
1668
1670
1670
1671
1671
1673
1673
1673
1674
1674
1675
1675
1675
1676
1677
1677
1678
1679
1679
1680
1681
1681
1681
1681
1682
1683
1683
1684
1684
1684
1685
1685
1685
1686
1687
1687
1687
1687
1688
1688
1689
1689
1689
1690
1690
1690
1691
1691
1691
1691
1691
1692
1692
1693
1693
1693
1693
1694
1694
1694
1695
1696
1696
1696
1697
1698
1699
1699
1700
1700
1700
1701
1702
1702
1702
1703
1703
1703
1704
1705
1705
1705
1706
1706
1707
1707
1709
1710
1711
1712
1712
1712
1713
1713
1714
1714
1715
1715
1716
1718
1718
1719
1720
1720
1721
1722
1724
1725
1726
621
651
1124
1123
688
687
633
635
634
632
631
636
637
665
703
666
704
664
663
702
701
669
668
709
708
670
638
671
639
667
705
707
706
756
1022
729
730
1021
630
660
1020
629
659
731
696
695
1092
662
661
700
732
699
697
698
1019
1093
1094
628
1018
658
627
657
733
694
1091
693
1033
1090
1128
722
1119
1127
721
1120
716
717
678
646
679
647
720
719
718
734
735
680
681
1101
1102
753
752
1100
1099
1103
1104
750
751
1305
749
748
1304
1303
754
1155
755
1023
1154
1153
1024
1025
1152
1151
1026
1027
1116
1111
1098
1115
1097
1105
1106
1112
1096
1107
1095
1108
1017
747
746
1302
1030
1301
745
744
1032
1300
1118
1109
1031
1117
1110
741
1150
1149
1028
1029
1146
743
1148
742
1147
740
1145
620
650
648
649
1114
1113
686
685
736
737
682
683
739
738
684
710
759
711
726
672
640
673
641
758
757
727
728
712
725
713
674
642
675
643
724
723
714
715
676
644
677
645
626
656
625
655
692
1089
691
1088
1126
1121
1125
1122
624
654
623
653
690
1087
689
622
652
1
46
47
48
49
144
143
142
141
127
126
128
125
109
108
110
107
129
124
130
123
111
106
112
105
303
302
301
300
299
294
295
283
282
296
297
281
280
274
275
263
262
276
277
261
260
298
279
278
259
50
51
52
53
54
91
90
92
89
73
72
74
71
93
88
94
87
75
70
76
69
55
56
57
58
140
139
138
137
131
122
132
121
113
104
114
103
133
120
134
119
115
102
116
101
136
135
118
117
100
249
248
229
228
250
251
247
95
246
86
96
252
85
77
253
68
78
245
67
97
244
84
98
230
83
79
231
66
80
227
65
226
59
232
60
233
61
225
62
224
99
209
210
82
211
212
81
213
64
63
308
307
306
305
304
289
288
269
268
290
291
287
286
292
293
285
284
270
271
267
266
272
273
265
264
254
255
243
242
256
257
241
240
234
235
223
222
236
237
221
220
258
239
238
219
214
215
216
217
218
2
4
45
5
44
43
42
41
6
7
8
9
40
39
38
37
35
34
33
32
31
30
10
11
12
13
15
16
17
18
19
20
29
28
27
26
21
22
23
24
177
175
178
174
179
180
181
182
173
172
171
170
183
184
185
186
188
189
190
191
192
193
169
168
167
166
208
207
206
205
204
203
194
195
196
197
202
201
200
199
3
36
14
25
176
187
165
198
571
146
147
148
149
570
569
568
567
553
552
554
551
535
534
536
533
555
550
556
549
537
532
538
531
521
512
522
511
503
494
504
493
523
510
524
509
505
492
506
491
150
151
152
153
154
517
516
518
515
499
498
500
497
519
514
520
513
485
501
496
486
502
495
487
488
481
482
483
484
525
508
507
490
489
566
565
564
563
557
548
558
547
539
530
540
529
559
546
560
545
541
528
542
527
562
561
544
543
526
4
320
5
319
6
7
8
9
318
317
316
315
10
11
12
13
155
156
157
158
159
160
314
313
312
311
175
174
173
172
171
170
161
162
163
164
169
168
167
166
3
14
176
165
822
823
821
820
824
825
819
818
804
805
803
802
806
807
801
800
359
360
361
362
363
350
875
874
873
872
351
352
353
354
858
859
857
856
860
861
855
854
840
841
839
838
842
843
837
836
871
870
869
868
867
862
863
853
852
864
865
851
850
844
845
835
834
846
847
833
832
866
849
848
831
826
827
817
816
828
829
815
814
808
809
799
798
810
811
797
796
830
813
812
795
355
356
357
358
364
365
366
367
368
35
349
34
348
33
32
31
30
347
346
345
344
29
28
27
26
378
377
376
375
374
373
343
342
341
340
188
189
190
191
192
193
372
371
370
369
194
195
196
197
36
25
187
198
321
970
971
972
973
322
323
324
325
969
968
950
951
967
966
952
953
949
948
930
931
947
946
335
932
933
336
337
338
339
974
975
976
977
978
965
964
954
955
963
962
956
961
945
944
934
943
957
958
942
941
979
960
959
940
478
459
458
439
438
473
472
471
470
464
453
465
452
444
433
445
432
466
451
467
450
477
446
476
431
475
447
474
430
460
457
461
456
440
437
441
436
462
455
463
454
442
435
443
434
419
469
418
468
449
399
448
429
398
379
420
417
421
416
400
397
401
396
422
415
423
414
402
395
403
394
380
381
382
383
326
327
328
329
929
928
910
911
927
926
912
925
909
908
330
907
913
914
906
905
310
331
424
332
413
333
425
334
412
404
393
405
392
426
411
427
410
406
391
407
390
935
384
936
385
924
386
923
387
937
938
922
921
915
916
904
903
917
918
902
901
939
920
919
900
428
409
408
389
388
2
320
45
319
44
43
42
41
318
317
316
315
40
39
38
37
349
348
347
346
345
344
15
155
16
156
17
18
19
20
157
158
159
160
21
22
23
24
378
377
376
375
374
373
314
313
312
311
177
178
179
180
181
182
343
342
341
340
183
184
185
186
161
162
163
164
208
207
206
205
204
203
372
371
370
369
202
201
200
199
3
36
14
25
176
187
165
198
)


// ************************************************************************* //
