FoamFile
{
    version     2.0;
    format      ascii;
    class       labelList;
    location    "constant/polyMesh";
    object      neighbour;
}
// * * * * * * * * * * * * * * * * * * * * * * * * * * * * * * * * * //

4759
(
1
5
25
2
9
29
3
10
30
4
13
33
108
14
34
9
6
45
11
7
46
17
8
49
19
206
50
10
11
61
13
12
62
12
17
63
15
18
64
14
15
69
113
16
70
16
21
71
115
22
72
18
19
77
21
20
78
20
210
79
23
211
80
22
23
85
121
24
86
24
214
87
123
215
88
29
45
26
31
47
27
37
53
28
39
55
424
30
61
31
33
62
32
32
65
37
35
66
38
34
69
35
133
70
36
36
73
41
135
74
42
38
93
39
41
94
40
40
97
428
43
98
429
42
43
141
44
44
432
143
433
61
46
47
63
49
48
65
48
53
67
51
54
77
50
51
79
231
52
81
52
57
83
233
58
93
54
55
95
57
56
97
56
444
99
59
445
101
58
59
103
239
60
105
60
448
107
241
449
62
63
65
69
64
66
64
77
67
71
78
68
66
67
93
73
68
94
68
81
95
75
82
96
70
71
73
153
72
74
72
85
75
155
86
76
74
75
157
76
76
89
159
90
78
79
81
85
80
82
80
247
83
87
248
84
82
83
101
89
84
102
84
251
103
91
252
104
86
87
89
167
88
90
88
255
91
169
256
92
90
91
171
92
92
259
172
260
94
95
97
96
98
96
101
99
102
100
98
99
460
100
461
100
105
462
106
463
102
103
105
104
106
104
272
107
273
106
107
471
472
276
473
109
113
133
110
114
134
111
117
137
112
118
138
129
149
114
115
153
117
116
154
116
121
155
119
122
156
118
119
160
129
120
161
120
125
162
130
126
163
122
123
167
125
124
168
124
310
169
127
311
170
126
127
174
131
128
175
128
314
176
132
315
177
130
190
131
191
132
194
326
195
134
153
135
137
154
136
136
157
141
139
158
142
138
160
139
149
161
140
140
164
145
150
165
146
142
143
145
180
144
144
529
147
181
530
146
182
147
151
183
148
148
185
533
152
186
534
190
150
192
151
198
152
200
545
154
155
157
160
156
158
156
167
159
162
168
158
159
164
180
171
161
162
164
190
163
165
163
174
191
175
166
165
182
192
166
183
193
178
184
168
169
171
174
170
170
335
172
176
336
173
172
173
339
340
175
176
194
177
178
177
343
195
344
179
196
179
187
197
348
188
182
181
185
183
185
198
184
186
199
187
186
549
200
550
202
188
203
367
189
205
370
553
191
192
194
193
193
198
196
199
195
196
388
197
197
202
390
203
199
200
202
201
201
575
204
576
203
204
396
205
205
579
398
580
210
207
231
212
208
232
218
209
235
220
226
236
211
212
247
214
213
248
213
218
249
216
219
250
215
216
255
310
217
256
217
222
257
312
223
258
219
220
263
222
221
263
221
227
263
224
228
263
223
224
264
318
225
265
225
229
266
320
230
267
227
290
228
294
229
295
230
298
330
299
247
232
233
249
235
234
251
234
239
253
237
240
263
236
237
263
290
238
263
238
243
263
291
244
272
240
241
274
243
242
276
242
616
277
245
617
281
244
245
281
292
246
281
246
620
281
293
621
248
249
251
255
250
252
250
263
253
257
263
254
252
253
272
259
254
273
254
263
274
261
263
275
256
257
259
335
258
260
258
264
261
337
265
262
260
261
339
262
262
268
279
341
269
281
264
266
268
270
294
295
296
297
265
266
268
351
267
269
267
298
270
353
299
271
269
270
282
355
271
283
271
300
284
357
301
285
273
274
276
275
275
281
277
279
281
278
277
632
278
281
633
280
281
634
282
280
286
639
642
282
284
286
288
302
303
304
305
283
284
286
372
285
287
285
306
288
374
307
289
287
288
643
376
289
644
289
308
645
378
309
646
294
291
296
292
302
293
304
673
295
296
298
297
297
302
300
303
299
300
404
301
301
306
406
307
303
304
306
305
305
677
308
678
307
308
412
309
309
681
414
682
311
312
335
314
313
336
313
318
337
316
319
338
315
316
343
326
317
344
317
322
345
327
323
346
319
320
351
322
321
352
321
330
353
324
331
354
323
324
359
328
325
360
325
332
361
329
333
362
327
388
328
389
329
392
334
393
331
404
332
405
333
408
334
409
420
336
337
339
343
338
340
338
351
341
345
352
342
340
341
347
342
342
355
349
356
344
345
347
388
346
348
346
359
349
389
360
350
348
349
390
350
367
350
363
368
391
364
369
352
353
355
359
354
356
354
404
357
361
405
358
356
357
372
363
358
373
358
406
374
365
407
375
360
361
363
392
362
364
362
408
365
393
409
366
364
365
380
394
366
381
366
410
382
395
411
383
396
369
370
369
380
397
381
371
398
371
718
399
385
719
373
374
376
380
375
377
375
412
378
382
413
379
377
378
722
384
379
723
379
414
724
386
415
725
381
382
384
400
383
385
383
416
386
401
417
387
385
386
730
402
387
731
387
418
732
403
419
733
389
390
392
391
391
396
394
397
393
394
420
395
395
400
421
401
397
398
400
399
399
764
402
765
401
402
422
403
403
768
423
769
405
406
408
407
407
412
410
413
409
410
420
411
411
416
421
417
413
414
416
415
415
780
418
781
417
418
422
419
419
784
423
785
421
422
423
796
428
444
425
430
446
426
436
452
427
438
454
504
429
460
430
432
461
431
431
464
436
434
465
437
433
468
434
529
435
435
469
440
531
441
437
479
438
440
480
439
439
483
505
442
484
506
441
487
442
537
443
443
489
507
539
490
508
460
445
446
462
448
447
464
447
452
466
450
453
471
449
450
473
616
451
475
451
456
477
618
457
479
453
454
481
456
455
483
455
509
485
458
510
493
457
458
495
624
459
497
459
511
499
626
512
461
462
464
468
463
465
463
471
466
472
467
465
466
479
469
467
480
467
475
481
470
476
482
469
470
487
488
472
473
475
474
476
474
632
477
478
476
477
493
478
494
478
635
495
636
496
480
481
483
487
482
484
482
493
485
488
494
486
484
485
513
489
486
514
486
497
515
491
498
516
488
489
491
490
491
517
554
492
518
492
501
519
556
502
520
494
495
497
496
498
496
651
499
652
500
498
499
521
501
500
522
500
655
523
656
524
502
525
565
503
526
567
661
528
505
509
506
513
507
514
508
517
591
518
513
510
515
511
521
512
523
693
514
515
517
516
516
521
519
522
518
519
596
520
520
525
598
526
522
523
525
524
524
697
527
698
526
527
604
528
528
701
606
702
530
531
533
532
532
537
535
538
534
549
535
545
550
536
536
551
541
546
552
542
538
539
541
540
540
554
591
543
555
592
542
558
543
547
559
544
544
561
593
548
562
594
575
546
577
547
583
548
585
595
550
551
575
552
552
558
577
559
580
718
555
556
596
561
557
597
557
565
598
563
566
599
559
561
583
560
562
584
569
564
562
563
600
585
564
601
564
571
602
586
572
603
566
567
604
571
568
605
568
738
606
573
739
607
587
570
572
588
742
574
572
573
608
589
574
609
574
744
610
590
745
611
576
577
579
578
578
583
581
584
580
581
764
582
582
587
766
588
584
585
587
586
586
612
589
613
588
589
772
590
590
614
774
615
592
596
593
597
594
600
595
601
612
597
598
600
599
599
604
602
605
601
602
612
603
603
608
613
609
605
606
608
607
607
800
610
801
609
610
614
611
611
804
615
805
613
614
615
816
632
617
618
633
620
619
635
619
624
637
622
625
642
621
622
642
673
623
642
623
628
642
674
629
651
625
626
653
628
627
655
627
693
657
630
694
664
629
630
664
675
631
664
631
695
664
676
696
633
635
634
642
637
639
642
638
636
637
651
638
652
638
642
653
640
642
654
643
640
641
647
659
648
660
664
643
645
647
649
677
678
679
680
644
645
647
722
646
648
646
681
649
724
682
650
648
649
665
726
650
666
650
683
667
728
684
668
652
653
655
654
656
654
664
657
659
664
658
656
657
697
658
698
658
664
699
662
664
700
660
665
662
666
663
738
663
702
663
669
703
740
670
704
665
667
669
671
685
686
687
688
705
706
707
708
666
667
669
748
668
670
668
689
671
750
690
672
670
671
709
752
672
710
672
691
711
754
692
712
677
674
679
675
685
676
687
713
678
679
681
680
680
685
683
686
682
683
780
684
684
689
782
690
686
687
689
688
688
714
691
715
690
691
788
692
692
716
790
717
697
694
699
695
705
696
707
713
698
699
701
700
700
705
703
706
702
703
800
704
704
709
802
710
706
707
709
708
708
714
711
715
710
711
808
712
712
716
810
717
714
715
716
717
820
764
719
720
765
731
721
766
721
742
767
735
743
723
724
726
730
725
727
725
780
728
732
781
729
727
728
748
734
729
749
729
782
750
736
783
751
731
732
734
768
733
735
733
784
736
769
785
737
735
736
756
770
737
757
737
786
758
771
787
759
739
740
800
744
741
801
741
752
802
746
753
803
772
743
745
773
757
747
745
746
804
774
747
805
747
760
806
775
761
807
749
750
752
756
751
753
751
788
754
758
789
755
753
754
808
760
755
809
755
790
810
762
791
811
757
758
760
776
759
761
759
792
762
777
793
763
761
762
812
778
763
813
763
794
814
779
795
815
765
766
768
767
767
772
770
773
769
770
796
771
771
776
797
777
773
774
776
775
775
816
778
817
777
778
798
779
779
818
799
819
781
782
784
783
783
788
786
789
785
786
796
787
787
792
797
793
789
790
792
791
791
820
794
821
793
794
798
795
795
822
799
823
797
798
799
824
801
802
804
803
803
808
806
809
805
806
816
807
807
812
817
813
809
810
812
811
811
820
814
821
813
814
818
815
815
822
819
823
817
818
819
824
821
822
823
824
825
826
827
828
829
830
831
832
833
834
835
836
837
838
839
840
841
842
843
844
845
846
847
848
849
850
851
852
853
854
855
856
857
858
859
860
861
862
863
864
865
866
867
868
869
870
871
872
873
874
875
876
877
878
879
880
881
882
883
884
885
886
887
888
889
890
891
892
893
894
895
896
897
898
899
900
901
902
903
904
905
906
907
908
909
910
911
912
913
914
915
916
917
918
919
920
921
922
923
924
925
926
927
928
929
930
931
932
933
934
935
936
937
938
939
940
941
942
943
944
945
946
947
948
949
950
951
952
953
954
955
956
957
958
959
960
961
962
963
964
965
966
967
968
969
970
971
972
973
974
975
976
977
978
979
980
981
982
983
984
985
986
987
988
989
990
991
992
993
994
995
996
997
998
999
1000
1001
1002
1003
1004
1005
1006
1007
1008
1009
1010
1011
1012
1013
1014
1015
1016
1017
1018
1019
1020
1021
1022
1023
1024
1025
1026
1027
1028
1029
1030
1031
1032
1033
1034
1035
1036
1037
1038
1039
1040
1041
1042
1043
1044
1045
1046
1047
1048
1049
1050
1051
1052
1053
1054
1055
1056
1057
1058
1059
1060
1061
1062
1063
1064
1065
1066
1067
1068
1069
1070
1071
1072
1073
1074
1075
1076
1077
1078
1079
1080
1081
1082
1083
1084
1085
1086
1087
1088
1089
1090
1091
1092
1093
1094
1095
1096
1097
1098
1099
1100
1101
1102
1103
1104
1105
1106
1107
1108
1109
1110
1111
1112
1113
1114
1115
1116
1117
1118
1119
1120
1121
1122
1123
1124
1125
1126
1127
1128
1129
1130
1131
1132
1133
1134
1135
1136
1137
1138
1139
1140
1141
1142
1143
1144
1145
1146
1147
1148
1149
1150
1151
1152
1153
1154
1155
1156
1157
1158
1159
1160
1161
1162
1163
1164
1165
1166
1167
1168
1169
1170
1171
1172
1173
1174
1175
1176
1177
1178
1179
1180
1181
1182
1183
1184
1185
1186
1187
1188
1189
1190
1191
1192
1193
1194
1195
1196
1197
1198
1199
1200
1201
1202
1203
1204
1205
1206
1207
1208
1209
1210
1211
1212
1213
1214
1215
1216
1217
1218
1219
1220
1221
1222
1223
1224
1225
1226
1227
1228
1229
1230
1231
1232
1233
1234
1235
1236
1237
1238
1239
1240
1241
1242
1243
1244
1245
1246
1247
1248
1249
1250
1251
1252
1253
1254
1255
1256
1257
1258
1259
1260
1261
1262
1263
1264
1265
1266
1267
1268
1269
1270
1271
1272
1273
1274
1275
1276
1277
1278
1279
1280
1281
1282
1283
1284
1285
1286
1287
1288
1289
1290
1291
1292
1293
1294
1295
1296
1297
1298
1299
1300
1301
1302
1303
1304
1305
1306
1307
1308
1309
1310
1311
1312
1313
1314
1315
1316
1317
1318
1319
1320
1321
1322
1323
1324
1325
1326
1327
1328
1329
1330
1331
1332
1333
1334
1335
1336
1337
1338
1339
1340
1341
1342
1343
1344
1345
1346
1347
1348
1349
1350
1351
1352
1353
1354
1355
1356
1357
1358
1359
1360
1361
1362
1363
1364
1365
1366
1367
1368
1369
1370
1371
1372
1373
1374
1375
1376
1377
1378
1379
1380
1381
1382
1383
1384
1385
1386
1387
1388
1389
1390
1391
1392
1393
1394
1395
1396
1397
1398
1399
1400
1401
1402
1403
1404
1405
1406
1407
1408
1409
1410
1411
1412
1413
1414
1415
1416
1417
1418
1419
1420
1421
1422
1423
1424
1425
1426
1427
1428
1429
1430
1431
1432
1433
1434
1435
1436
1437
1438
1439
1440
1441
1442
1443
1444
1445
1446
1447
1448
1449
1450
1451
1452
1453
1454
1455
1456
1457
1458
1459
1460
1461
1462
1463
1464
1465
1466
1467
1468
1469
1470
1471
1472
1473
1474
1475
1476
1477
1478
1479
1480
1481
1482
1483
1484
1485
1486
1487
1488
1489
1490
1491
1492
1493
1494
1495
1496
1497
1498
1499
1500
1501
1502
1503
1504
1505
1506
1507
1508
1509
1510
1511
1512
1513
1514
1515
1516
1517
1518
1519
1520
1521
1522
1523
1524
1525
1526
1527
1528
1529
1530
1531
1532
1533
1534
1535
1536
1537
1538
1539
1540
1541
1542
1543
1544
1545
1546
1547
1548
1549
1550
1551
1552
1553
1554
1555
1556
1557
1558
1559
1560
1561
1562
1563
1564
1565
1566
1567
1568
1569
1570
1571
1572
1573
1574
1575
1576
1577
1578
1579
1580
1581
1582
1583
1584
1585
1586
1587
1588
1589
1590
1591
1592
1593
1594
1595
1596
1597
1598
1599
1600
1601
1602
1603
1604
1605
1606
1607
1608
1609
1610
1611
1612
1613
1614
1615
1616
1617
1618
1619
1620
1621
1622
1623
1624
1625
1626
837
827
826
829
828
847
830
839
921
828
915
848
830
831
837
850
832
832
833
838
853
834
834
835
841
859
836
836
885
842
860
886
838
839
841
840
840
921
844
918
842
844
888
843
845
889
846
845
926
846
929
890
929
848
868
850
946
870
851
854
857
852
868
853
852
869
855
858
853
859
855
856
864
873
856
874
866
864
862
858
862
859
860
863
898
865
902
863
862
863
899
866
865
867
902
878
867
880
902
870
869
871
873
872
871
872
876
947
952
876
874
875
878
877
883
879
953
877
954
883
879
880
884
882
881
904
882
958
908
884
959
980
884
982
886
893
888
898
887
900
896
892
893
889
891
890
891
985
895
986
896
894
893
895
897
989
895
990
910
897
912
995
899
900
903
901
901
910
905
911
903
904
906
908
906
906
907
911
907
909
914
1005
909
1006
914
911
912
913
913
1010
914
1011
1014
919
916
946
922
917
948
932
935
950
926
925
920
921
920
922
925
921
923
932
925
924
933
930
934
925
927
930
929
928
931
985
988
929
931
937
987
938
933
935
934
936
937
941
936
961
942
963
938
941
996
939
997
945
940
945
943
941
942
944
970
945
1001
944
1002
972
1004
948
947
949
952
950
949
951
955
961
951
962
965
955
953
956
954
957
980
965
956
966
957
968
981
959
960
1005
982
960
984
1008
963
962
964
965
970
964
971
969
966
969
967
969
974
968
975
981
978
972
971
973
978
1016
973
1017
979
978
976
975
977
983
979
1020
977
1008
984
979
1022
981
982
983
983
984
1008
986
988
990
988
988
991
996
995
994
990
991
993
998
994
1012
999
993
994
1000
995
1010
998
997
1003
1004
1000
1003
1024
1018
1000
1002
1004
1003
1002
1016
1004
1007
1006
1009
1014
1008
1020
1009
1021
1015
1011
1012
1014
1013
1013
1024
1015
1025
1015
1026
1018
1017
1019
1022
1024
1019
1025
1023
1022
1021
1023
1026
1023
1026
1025
1026
1627
1032
1028
1628
1036
1029
1629
1037
1030
1630
1040
1031
1631
1041
1052
1632
1633
1033
1036
1634
1034
1038
1635
1035
1044
1636
1077
1046
1038
1037
1039
1040
1044
1039
1045
1042
1042
1041
1043
1057
1048
1043
1049
1059
1046
1045
1047
1048
1081
1047
1082
1050
1050
1049
1051
1065
1085
1051
1086
1067
1057
1053
1637
1058
1054
1638
1061
1055
1639
1062
1056
1640
1073
1641
1642
1059
1058
1060
1061
1065
1060
1066
1063
1063
1062
1064
1073
1069
1064
1070
1074
1067
1066
1068
1069
1102
1068
1103
1071
1071
1070
1072
1075
1106
1072
1107
1076
1074
1643
1075
1644
1076
1645
1118
1646
1647
1078
1081
1648
1079
1083
1649
1080
1089
1650
1097
1091
1083
1082
1084
1085
1089
1084
1090
1087
1087
1086
1088
1102
1093
1088
1094
1104
1091
1090
1092
1093
1098
1092
1099
1095
1095
1094
1096
1110
1100
1096
1101
1112
1651
1652
1098
1653
1099
1654
1100
1655
1101
1656
1122
1104
1103
1105
1106
1110
1105
1111
1108
1108
1107
1109
1118
1114
1109
1115
1119
1112
1111
1113
1114
1122
1113
1123
1116
1116
1115
1117
1120
1124
1117
1125
1121
1119
1657
1120
1658
1121
1659
1126
1660
1661
1123
1662
1124
1663
1125
1664
1126
1665
1666
1667
1128
1132
1668
1669
1129
1136
1670
1130
1137
1671
1131
1140
1672
1152
1141
1136
1133
1673
1138
1134
1674
1144
1135
1675
1146
1177
1676
1137
1138
1140
1139
1139
1144
1142
1145
1141
1142
1157
1143
1143
1148
1159
1149
1145
1146
1148
1147
1147
1181
1150
1182
1149
1150
1165
1151
1151
1185
1167
1186
1677
1153
1157
1678
1154
1158
1679
1155
1161
1680
1156
1162
1681
1682
1173
1158
1159
1161
1160
1160
1165
1163
1166
1162
1163
1173
1164
1164
1169
1174
1170
1166
1167
1169
1168
1168
1202
1171
1203
1170
1171
1175
1172
1172
1206
1176
1207
1683
1174
1684
1175
1685
1176
1686
1218
1181
1178
1687
1183
1179
1688
1189
1180
1689
1191
1197
1690
1182
1183
1185
1184
1184
1189
1187
1190
1186
1187
1202
1188
1188
1193
1204
1194
1190
1191
1193
1192
1192
1198
1195
1199
1194
1195
1210
1196
1196
1200
1212
1201
1198
1691
1692
1199
1693
1200
1694
1201
1695
1222
1696
1203
1204
1206
1205
1205
1210
1208
1211
1207
1208
1218
1209
1209
1214
1219
1215
1211
1212
1214
1213
1213
1222
1216
1223
1215
1216
1220
1217
1217
1224
1221
1225
1697
1219
1698
1220
1699
1221
1700
1226
1223
1701
1224
1702
1225
1703
1226
1704
1705
1706
1707
1232
1228
1627
1236
1229
1633
1237
1230
1634
1240
1231
1635
1241
1252
1636
1708
1233
1236
1709
1234
1238
1710
1235
1244
1711
1277
1246
1238
1237
1239
1240
1244
1239
1245
1242
1242
1241
1243
1257
1248
1243
1249
1259
1246
1245
1247
1248
1281
1247
1282
1250
1250
1249
1251
1265
1285
1251
1286
1267
1257
1253
1647
1258
1254
1648
1261
1255
1649
1262
1256
1650
1273
1712
1651
1259
1258
1260
1261
1265
1260
1266
1263
1263
1262
1264
1273
1269
1264
1270
1274
1267
1266
1268
1269
1302
1268
1303
1271
1271
1270
1272
1275
1306
1272
1307
1276
1274
1713
1275
1714
1276
1715
1318
1716
1717
1278
1281
1718
1279
1283
1719
1280
1289
1720
1297
1291
1283
1282
1284
1285
1289
1284
1290
1287
1287
1286
1288
1302
1293
1288
1294
1304
1291
1290
1292
1293
1298
1292
1299
1295
1295
1294
1296
1310
1300
1296
1301
1312
1721
1668
1298
1673
1299
1674
1300
1675
1301
1676
1322
1304
1303
1305
1306
1310
1305
1311
1308
1308
1307
1309
1318
1314
1309
1315
1319
1312
1311
1313
1314
1322
1313
1323
1316
1316
1315
1317
1320
1324
1317
1325
1321
1319
1722
1320
1723
1321
1724
1326
1725
1687
1323
1688
1324
1689
1325
1690
1326
1692
1726
1641
1328
1332
1727
1643
1329
1336
1644
1330
1337
1645
1331
1340
1646
1352
1341
1336
1333
1728
1338
1334
1729
1344
1335
1730
1346
1377
1731
1337
1338
1340
1339
1339
1344
1342
1345
1341
1342
1357
1343
1343
1348
1359
1349
1345
1346
1348
1347
1347
1381
1350
1382
1349
1350
1365
1351
1351
1385
1367
1386
1657
1353
1357
1658
1354
1358
1659
1355
1361
1660
1356
1362
1666
1732
1373
1358
1359
1361
1360
1360
1365
1363
1366
1362
1363
1373
1364
1364
1369
1374
1370
1366
1367
1369
1368
1368
1402
1371
1403
1370
1371
1375
1372
1372
1406
1376
1407
1733
1374
1734
1375
1735
1376
1736
1418
1381
1378
1737
1383
1379
1738
1389
1380
1739
1391
1397
1740
1382
1383
1385
1384
1384
1389
1387
1390
1386
1387
1402
1388
1388
1393
1404
1394
1390
1391
1393
1392
1392
1398
1395
1399
1394
1395
1410
1396
1396
1400
1412
1401
1398
1682
1741
1399
1683
1400
1684
1401
1685
1422
1686
1403
1404
1406
1405
1405
1410
1408
1411
1407
1408
1418
1409
1409
1414
1419
1415
1411
1412
1414
1413
1413
1422
1416
1423
1415
1416
1420
1417
1417
1424
1421
1425
1742
1419
1743
1420
1744
1421
1745
1426
1423
1697
1424
1698
1425
1699
1426
1700
1746
1705
1628
1428
1432
1707
1629
1429
1436
1630
1430
1437
1631
1431
1440
1632
1452
1441
1436
1433
1708
1438
1434
1709
1444
1435
1710
1446
1527
1711
1437
1438
1440
1439
1439
1444
1442
1445
1441
1442
1457
1443
1443
1448
1459
1449
1445
1446
1448
1447
1447
1531
1450
1532
1449
1450
1465
1451
1451
1535
1467
1536
1637
1453
1457
1638
1454
1458
1639
1455
1461
1640
1456
1462
1642
1727
1473
1458
1459
1461
1460
1460
1465
1463
1466
1462
1463
1473
1464
1464
1469
1474
1470
1466
1467
1469
1468
1468
1552
1471
1553
1470
1471
1475
1472
1472
1556
1476
1557
1728
1474
1729
1475
1730
1476
1731
1568
1712
1482
1478
1652
1486
1479
1653
1487
1480
1654
1490
1481
1655
1491
1502
1656
1713
1483
1486
1714
1484
1488
1715
1485
1494
1716
1577
1496
1488
1487
1489
1490
1494
1489
1495
1492
1492
1491
1493
1507
1498
1493
1499
1509
1496
1495
1497
1498
1581
1497
1582
1500
1500
1499
1501
1515
1585
1501
1586
1517
1507
1503
1661
1508
1504
1662
1511
1505
1663
1512
1506
1664
1523
1732
1665
1509
1508
1510
1511
1515
1510
1516
1513
1513
1512
1514
1523
1519
1514
1520
1524
1517
1516
1518
1519
1602
1518
1603
1521
1521
1520
1522
1525
1606
1522
1607
1526
1524
1733
1525
1734
1526
1735
1618
1736
1531
1528
1717
1533
1529
1718
1539
1530
1719
1541
1547
1720
1532
1533
1535
1534
1534
1539
1537
1540
1536
1537
1552
1538
1538
1543
1554
1544
1540
1541
1543
1542
1542
1548
1545
1549
1544
1545
1560
1546
1546
1550
1562
1551
1548
1667
1721
1549
1669
1550
1670
1551
1671
1572
1672
1553
1554
1556
1555
1555
1560
1558
1561
1557
1558
1568
1559
1559
1564
1569
1565
1561
1562
1564
1563
1563
1572
1566
1573
1565
1566
1570
1567
1567
1574
1571
1575
1737
1569
1738
1570
1739
1571
1740
1576
1573
1677
1574
1678
1575
1679
1576
1680
1741
1681
1722
1578
1581
1723
1579
1583
1724
1580
1589
1725
1597
1591
1583
1582
1584
1585
1589
1584
1590
1587
1587
1586
1588
1602
1593
1588
1594
1604
1591
1590
1592
1593
1598
1592
1599
1595
1595
1594
1596
1610
1600
1596
1601
1612
1726
1691
1598
1693
1599
1694
1600
1695
1601
1696
1622
1604
1603
1605
1606
1610
1605
1611
1608
1608
1607
1609
1618
1614
1609
1615
1619
1612
1611
1613
1614
1622
1613
1623
1616
1616
1615
1617
1620
1624
1617
1625
1621
1619
1742
1620
1743
1621
1744
1626
1745
1701
1623
1702
1624
1703
1625
1704
1626
1706
1746
1633
1747
1629
1747
1630
1631
1632
1637
1634
1635
1636
1647
1638
1639
1640
1642
1643
1748
1748
1644
1645
1646
1657
1648
1649
1650
1651
1749
1653
1749
1654
1655
1656
1661
1658
1659
1660
1666
1662
1663
1664
1665
1750
1750
1669
1751
1673
1751
1670
1671
1672
1677
1674
1675
1676
1687
1678
1679
1680
1681
1752
1683
1752
1684
1685
1686
1697
1688
1689
1690
1692
1693
1753
1753
1694
1695
1696
1701
1698
1699
1700
1705
1702
1703
1704
1706
1754
1754
1708
1747
1709
1710
1711
1717
1713
1749
1714
1715
1716
1722
1718
1719
1720
1721
1751
1723
1724
1725
1726
1753
1728
1748
1729
1730
1731
1737
1733
1750
1734
1735
1736
1742
1738
1739
1740
1741
1752
1743
1744
1745
1746
1754
)
