FoamFile
{
    version     2.0;
    format      ascii;
    class       labelList;
    location    "constant/polyMesh";
    object      neighbour;
}
// * * * * * * * * * * * * * * * * * * * * * * * * * * * * * * * * * //

5914
(
1
2
3
576
590
5
591
583
9
5
9
4
7
11
15
6
13
7
578
631
8
8
14
17
78
18
13
10
11
585
693
12
14
12
21
150
22
592
14
25
17
21
16
19
23
27
18
25
19
87
20
20
26
29
89
30
25
22
23
159
24
26
24
33
161
34
26
37
29
33
28
31
35
39
30
37
31
99
32
32
38
41
101
42
37
34
35
171
36
38
36
45
173
46
38
49
41
45
40
43
47
51
42
49
43
111
44
44
50
53
113
54
49
46
47
183
48
50
48
57
185
58
50
61
53
57
52
55
59
63
54
61
55
123
56
56
62
65
125
66
61
58
59
195
60
62
60
69
197
70
62
73
65
69
64
67
71
288
66
73
67
135
68
68
74
290
137
291
73
70
71
207
72
74
72
294
209
295
74
298
615
76
80
621
77
83
737
84
640
79
87
650
81
82
88
648
83
81
85
91
658
85
93
657
84
85
787
86
86
95
222
96
88
89
91
93
90
90
99
92
94
100
95
92
97
103
95
94
97
105
96
97
230
98
98
107
232
108
100
101
103
105
102
102
111
104
106
112
107
104
109
115
107
106
109
117
108
109
242
110
110
119
244
120
112
113
115
117
114
114
123
116
118
124
119
116
121
127
119
118
121
129
120
121
254
122
122
131
256
132
124
125
127
129
126
126
135
128
130
136
131
128
133
139
131
130
133
141
132
133
266
134
134
143
268
144
136
137
139
141
138
138
363
140
142
364
143
140
145
367
143
142
145
369
144
145
278
146
146
371
280
372
678
148
153
683
149
155
762
156
702
151
159
712
152
154
160
720
157
163
711
155
154
157
165
719
156
157
808
158
158
167
224
168
160
161
163
165
162
162
171
164
166
172
167
164
169
175
167
166
169
177
168
169
234
170
170
179
236
180
172
173
175
177
174
174
183
176
178
184
179
176
181
187
179
178
181
189
180
181
246
182
182
191
248
192
184
185
187
189
186
186
195
188
190
196
191
188
193
199
191
190
193
201
192
193
258
194
194
203
260
204
196
197
199
201
198
198
207
200
202
208
203
200
205
211
203
202
205
213
204
205
270
206
206
215
272
216
208
209
211
213
210
210
435
212
214
436
215
212
217
439
215
214
217
441
216
217
282
218
218
443
284
444
758
783
226
731
800
821
221
223
225
228
796
223
230
806
227
231
817
225
234
827
227
235
805
826
227
238
231
235
229
233
237
240
231
232
238
233
233
242
239
243
235
236
238
237
237
246
239
247
239
250
243
247
241
245
249
252
243
244
250
245
245
254
251
255
247
248
250
249
249
258
251
259
251
262
255
259
253
257
261
264
255
256
262
257
257
266
263
267
259
260
262
261
261
270
263
271
263
274
267
271
265
269
273
276
267
268
274
269
269
278
275
279
271
272
274
273
273
282
275
283
275
286
279
283
277
281
285
507
279
280
286
281
281
509
287
510
283
284
286
285
285
513
287
514
287
517
290
294
289
292
296
300
291
298
292
363
293
293
299
302
365
303
298
295
296
435
297
299
297
306
437
307
299
310
302
306
301
304
308
312
303
310
304
375
305
305
311
314
377
315
310
307
308
447
309
311
309
318
449
319
311
322
314
318
313
316
320
324
315
322
316
387
317
317
323
326
389
327
322
319
320
459
321
323
321
330
461
331
323
334
326
330
325
328
332
336
327
334
328
399
329
329
335
338
401
339
334
331
332
471
333
335
333
342
473
343
335
346
338
342
337
340
344
348
339
346
340
411
341
341
347
350
413
351
346
343
344
483
345
347
345
354
485
355
347
358
350
354
349
352
356
360
351
358
352
423
353
353
359
361
852
829
358
355
356
495
357
359
357
362
914
836
359
843
361
362
830
844
845
837
364
365
367
369
366
366
375
368
370
376
371
368
373
379
371
370
373
381
372
373
509
374
374
383
511
384
376
377
379
381
378
378
387
380
382
388
383
380
385
391
383
382
385
393
384
385
521
386
386
395
523
396
388
389
391
393
390
390
399
392
394
400
395
392
397
403
395
394
397
405
396
397
533
398
398
407
535
408
400
401
403
405
402
402
411
404
406
412
407
404
409
415
407
406
409
417
408
409
545
410
410
419
547
420
412
413
415
417
414
414
423
416
418
424
419
416
421
425
419
418
421
427
420
421
557
422
422
428
559
429
424
853
425
427
864
428
426
869
430
432
428
874
429
430
569
431
875
431
433
976
434
899
433
908
434
1032
436
437
439
441
438
438
447
440
442
448
443
440
445
451
443
442
445
453
444
445
513
446
446
455
515
456
448
449
451
453
450
450
459
452
454
460
455
452
457
463
455
454
457
465
456
457
525
458
458
467
527
468
460
461
463
465
462
462
471
464
466
472
467
464
469
475
467
466
469
477
468
469
537
470
470
479
539
480
472
473
475
477
474
474
483
476
478
484
479
476
481
487
479
478
481
489
480
481
549
482
482
491
551
492
484
485
487
489
486
486
495
488
490
496
491
488
493
497
491
490
493
498
492
493
561
494
494
500
563
501
496
915
497
498
926
500
936
500
499
932
502
504
501
502
571
503
937
503
505
997
506
962
505
970
506
1057
510
514
508
512
516
519
510
511
517
512
512
521
518
522
514
515
517
516
516
525
518
526
518
529
522
526
520
524
528
531
522
523
529
524
524
533
530
534
526
527
529
528
528
537
530
538
530
541
534
538
532
536
540
543
534
535
541
536
536
545
542
546
538
539
541
540
540
549
542
550
542
553
546
550
544
548
552
555
546
547
553
548
548
557
554
558
550
551
553
552
552
561
554
562
554
565
558
562
556
560
564
567
558
559
565
560
560
569
566
570
562
563
565
564
564
571
566
572
566
573
570
572
568
988
1009
1018
570
977
573
989
572
998
573
1010
574
994
1015
575
1054
1079
581
580
578
582
599
581
579
578
582
582
579
580
581
582
589
585
586
588
661
589
585
587
588
587
589
588
587
589
591
592
594
597
598
595
592
594
595
597
596
594
596
598
598
609
608
607
610
611
609
601
603
612
608
602
613
605
603
614
610
632
610
605
607
633
606
634
608
607
635
609
610
618
612
614
616
613
617
614
619
618
616
617
619
620
617
618
643
619
619
629
622
621
630
630
627
623
652
623
625
653
624
654
626
625
655
629
628
627
630
630
629
635
641
640
642
642
633
635
636
634
641
635
644
637
639
645
641
638
646
640
639
647
642
642
641
651
648
649
644
645
647
649
646
650
647
651
649
650
651
656
650
651
656
653
655
657
654
660
655
659
659
658
657
660
658
660
659
660
672
666
670
671
673
672
663
665
674
668
664
675
670
665
676
671
694
667
669
695
670
668
696
669
697
672
671
672
681
674
676
679
675
677
676
680
682
680
678
679
681
679
680
705
681
681
692
683
687
690
686
688
692
714
690
685
687
715
689
686
716
687
717
692
689
691
691
692
704
702
703
694
695
697
703
696
701
697
704
706
704
699
701
707
702
700
708
703
701
709
703
704
709
710
711
713
713
707
709
712
708
710
709
718
711
712
713
712
713
722
715
717
721
716
719
717
718
719
720
722
720
721
722
721
722
750
736
724
726
751
729
725
752
731
726
753
735
775
732
728
730
776
731
729
777
730
778
736
734
733
736
733
734
735
736
746
742
749
748
754
747
739
741
755
744
740
756
749
741
757
748
788
743
745
789
749
744
790
745
791
747
748
747
749
760
751
753
758
752
759
753
754
755
757
759
756
761
757
760
759
761
760
799
761
761
773
774
770
772
779
773
764
766
780
774
765
781
768
766
782
771
809
771
768
770
810
769
811
774
770
812
772
773
774
782
776
778
784
777
783
778
785
785
780
782
786
781
784
782
785
786
784
820
786
786
797
796
798
788
789
791
798
790
795
791
797
801
797
793
795
802
796
794
803
798
795
804
798
797
804
807
805
800
805
806
801
802
804
806
803
807
804
806
807
807
812
819
817
818
818
810
812
813
811
819
812
822
814
816
823
819
815
824
817
816
825
818
818
819
821
826
828
822
825
827
826
823
825
828
824
827
825
828
827
828
835
831
833
830
832
834
835
882
833
834
835
834
833
835
837
839
838
842
842
841
840
944
842
841
839
840
841
842
844
846
849
845
845
851
846
849
850
847
848
851
850
849
851
853
862
861
863
863
854
862
865
855
857
866
862
856
867
859
857
868
863
883
863
859
861
884
860
885
862
861
886
872
869
870
865
866
868
870
867
871
868
872
870
871
872
873
871
894
872
880
876
875
874
875
881
880
881
877
903
877
879
904
878
905
881
879
906
880
881
886
891
892
893
893
884
886
887
885
891
886
895
888
890
896
891
889
897
892
890
898
893
892
893
902
899
900
895
896
898
900
897
901
898
902
900
901
902
907
901
902
907
904
906
908
905
910
906
911
911
913
908
909
913
913
910
912
912
913
925
920
924
915
924
919
925
927
925
917
919
928
922
918
929
924
919
930
945
921
923
946
924
922
947
923
948
925
930
931
932
934
934
928
930
933
929
931
930
935
932
933
934
933
956
934
936
937
941
943
943
942
937
940
942
965
943
939
941
966
942
940
967
941
968
943
955
954
953
945
946
948
953
947
952
948
955
957
955
950
952
958
954
951
959
953
952
960
954
955
960
961
962
964
964
958
960
963
959
961
960
969
962
963
964
963
964
974
966
968
971
967
970
968
969
970
975
974
975
972
973
972
975
975
974
986
982
987
977
987
981
986
990
986
979
981
991
984
980
992
987
981
993
1033
983
985
1034
987
984
1035
985
1036
986
989
994
995
990
993
996
994
991
993
995
992
996
993
995
996
1045
996
998
1008
1006
1007
1007
999
1008
1011
1000
1002
1012
1008
1001
1013
1004
1002
1014
1007
1058
1007
1004
1006
1059
1005
1060
1008
1006
1061
1014
1016
1015
1010
1015
1017
1011
1012
1014
1017
1013
1016
1014
1017
1016
1070
1017
1030
1019
1026
1027
1046
1020
1022
1047
1025
1021
1048
1031
1022
1049
1029
1071
1028
1024
1026
1072
1031
1025
1073
1026
1074
1030
1028
1031
1031
1030
1042
1043
1044
1033
1034
1036
1044
1035
1040
1036
1041
1050
1041
1038
1040
1051
1043
1039
1052
1044
1040
1053
1042
1043
1044
1053
1056
1054
1046
1047
1049
1054
1048
1055
1049
1050
1051
1053
1055
1052
1056
1053
1055
1056
1056
1061
1069
1068
1066
1067
1059
1061
1062
1060
1069
1061
1075
1063
1065
1076
1069
1064
1077
1068
1065
1078
1067
1068
1067
1069
1074
1079
1081
1075
1078
1072
1074
1080
1073
1079
1074
1076
1078
1081
1077
1080
1078
1081
1080
1081
1082
1083
1084
1085
1086
1087
1088
1089
1090
1091
1092
1093
1094
1095
1096
1097
1098
1099
1100
1101
1102
1103
1104
1105
1106
1107
1108
1109
1110
1111
1112
1113
1114
1115
1116
1117
1118
1119
1120
1121
1122
1123
1124
1125
1126
1127
1128
1129
1130
1131
1132
1133
1134
1135
1136
1137
1138
1139
1140
1141
1142
1143
1144
1145
1146
1147
1148
1149
1150
1151
1152
1153
1154
1155
1156
1157
1158
1159
1160
1161
1162
1163
1164
1165
1166
1167
1168
1169
1170
1171
1172
1173
1174
1175
1176
1177
1178
1179
1180
1181
1182
1183
1184
1185
1186
1187
1188
1189
1190
1191
1192
1193
1194
1195
1196
1197
1198
1199
1200
1201
1202
1203
1204
1205
1206
1207
1208
1209
1210
1211
1212
1213
1214
1215
1216
1217
1218
1219
1220
1221
1222
1223
1224
1225
1226
1227
1228
1229
1230
1231
1232
1233
1234
1235
1236
1237
1238
1239
1240
1241
1242
1243
1244
1245
1246
1247
1248
1249
1250
1251
1252
1253
1254
1255
1256
1257
1258
1259
1260
1261
1262
1263
1264
1265
1266
1267
1268
1269
1270
1271
1272
1273
1274
1275
1276
1277
1278
1279
1280
1281
1282
1283
1284
1285
1286
1287
1288
1289
1290
1291
1292
1293
1294
1295
1296
1297
1298
1299
1300
1301
1302
1303
1304
1305
1306
1307
1308
1309
1310
1311
1312
1313
1314
1315
1316
1317
1318
1319
1320
1321
1322
1323
1324
1325
1326
1327
1328
1329
1330
1331
1332
1333
1334
1335
1336
1337
1338
1339
1340
1341
1342
1343
1344
1345
1346
1347
1348
1349
1350
1351
1352
1353
1354
1355
1356
1357
1358
1359
1360
1361
1362
1363
1364
1365
1366
1367
1368
1369
1370
1371
1372
1373
1374
1375
1376
1377
1378
1379
1380
1381
1382
1383
1384
1385
1386
1387
1388
1389
1390
1391
1392
1393
1394
1395
1396
1397
1398
1399
1400
1401
1402
1403
1404
1405
1406
1407
1408
1409
1410
1411
1412
1413
1414
1415
1416
1417
1418
1419
1420
1421
1422
1423
1424
1425
1426
1427
1428
1429
1430
1431
1432
1433
1434
1435
1436
1437
1438
1439
1440
1441
1442
1443
1444
1445
1446
1447
1448
1449
1450
1451
1452
1453
1454
1455
1456
1457
1458
1459
1460
1461
1462
1463
1464
1465
1466
1467
1468
1469
1470
1471
1472
1473
1474
1475
1476
1477
1478
1479
1480
1481
1482
1483
1484
1485
1486
1487
1488
1489
1490
1491
1492
1493
1494
1495
1496
1497
1498
1499
1500
1501
1502
1503
1504
1505
1506
1507
1508
1509
1510
1511
1512
1513
1514
1515
1516
1517
1518
1519
1520
1521
1522
1523
1524
1525
1526
1527
1528
1529
1530
1531
1532
1533
1534
1535
1536
1537
1538
1539
1540
1541
1542
1543
1544
1545
1546
1547
1548
1549
1550
1551
1552
1553
1554
1555
1556
1557
1558
1559
1560
1561
1562
1563
1564
1565
1566
1567
1568
1569
1570
1571
1572
1573
1574
1575
1576
1577
1578
1579
1580
1581
1582
1583
1584
1585
1586
1587
1588
1589
1590
1591
1592
1593
1594
1595
1596
1597
1598
1599
1600
1601
1602
1603
1604
1605
1606
1607
1608
1609
1610
1611
1612
1613
1614
1615
1616
1617
1618
1619
1620
1621
1622
1623
1624
1625
1626
1627
1628
1629
1630
1631
1632
1633
1634
1635
1636
1637
1638
1639
1640
1641
1642
1643
1644
1645
1646
1647
1648
1649
1650
1651
1652
1653
1654
1655
1656
1657
1658
1659
1660
1661
1662
1663
1664
1665
1666
1667
1668
1669
1670
1671
1672
1673
1674
1675
1676
1677
1678
1679
1680
1681
1682
1683
1684
1685
1686
1687
1688
1689
1690
1691
1692
1693
1694
1695
1696
1697
1698
1699
1700
1701
1702
1703
1704
1705
1706
1707
1708
1709
1710
1711
1712
1713
1714
1715
1716
1717
1718
1719
1720
1721
1722
1723
1724
1725
1726
1727
1728
1729
1730
1731
1732
1733
1734
1735
1736
1737
1738
1739
1740
1741
1742
1743
1744
1745
1746
1747
1748
1749
1750
1751
1752
1753
1754
1755
1756
1757
1758
1759
1760
1761
1762
1763
1764
1765
1766
1767
1768
1769
1770
1771
1772
1773
1774
1775
1776
1777
1778
1779
1780
1781
1782
1783
1784
1785
1786
1787
1788
1789
1790
1791
1792
1793
1794
1795
1796
1797
1798
1799
1800
1801
1802
1803
1804
1805
1806
1807
1808
1809
1810
1811
1812
1813
1814
1815
1816
1817
1818
1819
1820
1821
1822
1823
1824
1825
1826
1827
1828
1829
1830
1831
1832
1833
1834
1835
1836
1837
1838
1839
1840
1841
1842
1843
1844
1845
1846
1847
1848
1849
1850
1851
1852
1853
1854
1855
1856
1857
1858
1859
1860
1861
1862
1863
1864
1865
1866
1867
1868
1869
1870
1871
1872
1873
1874
1875
1876
1877
1878
1879
1880
1881
1882
1883
1884
1885
1886
1887
1888
1889
1890
1891
1892
1893
1894
1895
1896
1897
1898
1899
1900
1901
1902
1903
1904
1905
1906
1907
1908
1909
1910
1911
1912
1913
1914
1915
1916
1917
1918
1919
1920
1921
1922
1923
1924
1925
1926
1927
1928
1929
1930
1931
1932
1933
1934
1935
1936
1937
1938
1939
1940
1941
1942
1943
1944
1945
1946
1947
1948
1949
1950
1951
1952
1953
1954
1955
1956
1957
1958
1959
1960
1961
1962
1963
1964
1965
1966
1967
1968
1969
1970
1971
1972
1973
1974
1975
1976
1977
1978
1979
1980
1981
1982
1983
1984
1985
1986
1987
1988
1989
1990
1991
1992
1993
1994
1995
1996
1997
1998
1999
2000
2001
2002
2003
2004
2005
2006
2007
2008
2009
2010
2011
2012
2013
2014
2015
2016
2017
2018
2019
2020
2021
2022
2023
2024
2025
2026
2027
2028
2029
2030
2031
2032
2033
2034
2035
2036
2037
2038
2039
2040
2041
2042
2043
2044
2045
2046
2047
2048
2049
2050
2051
2052
2053
2054
2055
2056
2057
2058
2059
2060
2061
2062
2063
2064
2065
2066
2067
2068
2069
2070
2071
2072
2073
2074
2075
2076
2077
2078
2079
2080
2081
2082
2083
2084
2085
2086
2087
2088
2089
2090
2091
2092
2093
2094
2095
2096
2097
2098
2099
2100
2101
2102
2103
2104
2105
2106
2107
2108
2109
2110
2111
2112
2113
2114
2115
2116
2117
2118
2119
2120
2121
2122
2123
2124
2125
2126
2127
2128
2129
2130
2131
2132
2133
2134
2135
2136
2137
2138
2139
2140
2141
2142
2143
2144
2145
2146
2147
2148
2149
2150
2151
2152
2153
2154
2155
2156
2157
2158
2159
2160
2161
2162
2163
2164
2165
2166
2167
2168
2169
2170
2171
2172
2173
2174
2175
2176
2177
2178
2179
2180
2181
2182
2183
2184
2185
2186
2187
2188
2189
2190
2191
2192
2193
2194
2195
1086
1083
1460
1514
1088
1090
1131
1518
1465
1085
1087
1177
1092
1089
1455
1087
1088
1089
1456
1089
1094
1095
1094
1091
1136
1096
1098
1137
1182
1093
1095
1183
1100
1097
1095
1096
1097
1097
1102
1103
1102
1099
1144
1104
1106
1145
1190
1101
1103
1191
1108
1105
1103
1104
1105
1105
1110
1111
1110
1107
1152
1112
1114
1153
1198
1109
1111
1199
1116
1113
1111
1112
1113
1113
1118
1119
1118
1115
1160
1120
1122
1161
1206
1117
1119
1207
1124
1121
1119
1120
1121
1121
1126
1127
1126
1123
1168
1128
1268
1169
1214
1125
1127
1215
1270
1129
1127
1128
1129
1129
1272
1273
1459
1134
1468
1499
1136
1132
1460
1138
1133
1461
1139
1135
1462
1462
1135
1472
1142
1226
1137
1138
1144
1140
1140
1139
1141
1142
1146
1141
1147
1143
1143
1232
1150
1233
1145
1146
1152
1148
1148
1147
1149
1150
1154
1149
1155
1151
1151
1240
1158
1241
1153
1154
1160
1156
1156
1155
1157
1158
1162
1157
1163
1159
1159
1248
1166
1249
1161
1162
1168
1164
1164
1163
1165
1166
1170
1165
1171
1167
1167
1256
1174
1257
1169
1170
1316
1172
1172
1171
1173
1174
1318
1173
1319
1175
1175
1264
1322
1265
1502
1471
1180
1463
1465
1179
1182
1466
1181
1184
1179
1467
1185
1473
1181
1466
1227
1188
1185
1183
1187
1190
1188
1186
1185
1187
1189
1192
1187
1193
1234
1189
1235
1196
1193
1191
1195
1198
1196
1194
1193
1195
1197
1200
1195
1201
1242
1197
1243
1204
1201
1199
1203
1206
1204
1202
1201
1203
1205
1208
1203
1209
1250
1205
1251
1212
1209
1207
1211
1214
1212
1210
1209
1211
1213
1216
1211
1217
1258
1213
1259
1220
1217
1215
1219
1362
1220
1218
1217
1219
1221
1364
1219
1365
1266
1221
1267
1368
1223
1224
1473
1535
1536
1472
1225
1225
1228
1227
1226
1229
1232
1472
1473
1234
1229
1230
1234
1232
1231
1231
1236
1235
1233
1237
1233
1240
1235
1242
1237
1238
1242
1240
1239
1239
1244
1243
1241
1245
1241
1248
1243
1250
1245
1246
1250
1248
1247
1247
1252
1251
1249
1253
1249
1256
1251
1258
1253
1254
1258
1256
1255
1255
1260
1259
1257
1261
1257
1264
1259
1266
1261
1262
1266
1264
1263
1263
1408
1267
1265
1409
1265
1412
1267
1414
1272
1269
1316
1274
1276
1317
1362
1271
1273
1363
1278
1275
1273
1274
1275
1275
1280
1281
1280
1277
1324
1282
1284
1325
1370
1279
1281
1371
1286
1283
1281
1282
1283
1283
1288
1289
1288
1285
1332
1290
1292
1333
1378
1287
1289
1379
1294
1291
1289
1290
1291
1291
1296
1297
1296
1293
1340
1298
1300
1341
1386
1295
1297
1387
1302
1299
1297
1298
1299
1299
1304
1305
1304
1301
1348
1306
1308
1349
1394
1303
1305
1395
1310
1307
1305
1306
1307
1307
1312
1313
1312
1309
1356
1314
1544
1478
1402
1311
1313
1483
1546
1315
1313
1314
1315
1315
1474
1477
1317
1318
1324
1320
1320
1319
1321
1322
1326
1321
1327
1323
1323
1412
1330
1413
1325
1326
1332
1328
1328
1327
1329
1330
1334
1329
1335
1331
1331
1420
1338
1421
1333
1334
1340
1336
1336
1335
1337
1338
1342
1337
1343
1339
1339
1428
1346
1429
1341
1342
1348
1344
1344
1343
1345
1346
1350
1345
1351
1347
1347
1436
1354
1437
1349
1350
1356
1352
1352
1351
1353
1354
1357
1353
1358
1355
1355
1444
1359
1445
1478
1357
1479
1358
1480
1359
1360
1452
1480
1361
1488
1481
1509
1491
1365
1363
1367
1370
1368
1366
1365
1367
1369
1372
1367
1373
1414
1369
1415
1376
1373
1371
1375
1378
1376
1374
1373
1375
1377
1380
1375
1381
1422
1377
1423
1384
1381
1379
1383
1386
1384
1382
1381
1383
1385
1388
1383
1389
1430
1385
1431
1392
1389
1387
1391
1394
1392
1390
1389
1391
1393
1396
1391
1397
1438
1393
1439
1400
1397
1395
1399
1402
1400
1398
1397
1399
1401
1403
1399
1404
1446
1401
1447
1405
1404
1483
1405
1484
1404
1485
1453
1406
1489
1407
1484
1492
1512
1487
1409
1410
1414
1412
1411
1411
1416
1415
1413
1417
1413
1420
1415
1422
1417
1418
1422
1420
1419
1419
1424
1423
1421
1425
1421
1428
1423
1430
1425
1426
1430
1428
1427
1427
1432
1431
1429
1433
1429
1436
1431
1438
1433
1434
1438
1436
1435
1435
1440
1439
1437
1441
1437
1444
1439
1446
1441
1442
1446
1444
1443
1443
1448
1447
1445
1449
1445
1452
1447
1453
1449
1450
1453
1452
1451
1451
1563
1489
1488
1566
1488
1489
1520
1457
1455
1515
1517
1457
1521
1525
1462
1459
1527
1461
1522
1462
1526
1533
1464
1466
1532
1528
1467
1467
1531
1539
1469
1472
1537
1534
1473
1471
1541
1543
1475
1476
1550
1549
1477
1547
1551
1479
1554
1480
1482
1556
1482
1555
1485
1557
1486
1485
1561
1560
1487
1562
1490
1493
1565
1491
1568
1570
1493
1564
2196
1496
1495
2197
1520
1516
2198
2199
1519
1521
1524
1498
2200
2201
1527
1499
2202
1539
2203
2204
2205
1501
1530
2206
1502
1533
2207
1541
1542
2208
2209
1540
2210
1505
1506
2211
2212
1545
1550
1549
1548
2213
2214
2215
1508
1553
2216
1509
1556
2217
1568
1559
1511
2218
2219
1562
1512
2220
1570
2221
1569
2222
2223
1571
1522
1515
1516
1523
2224
1519
1518
1528
2225
1529
1521
1526
1523
1524
2226
1527
2227
1527
1526
1529
1531
2228
1530
2229
1533
1532
1533
1538
1535
1536
1537
1538
1542
1540
1540
2230
2231
2232
1542
2233
1545
1544
1551
2234
1552
1557
1547
1548
1558
2235
1550
1552
1554
2236
1553
2237
1556
1555
1556
1561
1558
1559
2238
1562
2239
1562
1561
1566
1564
1567
1567
1566
1569
1571
2240
1569
2241
1571
2242
2243
2244
1574
1573
2196
1576
1718
2199
2245
1575
1576
2246
1580
1578
1578
1577
1579
1721
1718
1582
1579
1583
1611
2247
1581
1582
2248
1586
1584
1584
1583
1585
1615
1588
1585
1589
1617
2249
1587
1588
2250
1592
1590
1590
1589
1591
1621
1594
1591
1595
1623
2251
1593
1594
2252
1598
1596
1596
1595
1597
1627
1600
1597
1601
1629
2253
1599
1600
2254
1604
1602
1602
1601
1603
1633
1606
1603
1607
1635
2255
1605
1606
2256
1645
1608
1608
1607
1609
1639
1647
1609
1648
1641
1720
1613
2257
2204
1615
1612
1721
1616
1614
1722
1722
1614
2258
1619
2259
1617
1616
1618
1619
1621
1618
1622
1620
1620
2260
1625
2261
1623
1622
1624
1625
1627
1624
1628
1626
1626
2262
1631
2263
1629
1628
1630
1631
1633
1630
1634
1632
1632
2264
1637
2265
1635
1634
1636
1637
1639
1636
1640
1638
1638
2266
1643
2267
1641
1640
1642
1643
1683
1642
1684
1644
1644
2268
1687
2269
2270
1646
1647
2271
1651
1649
1649
1648
1650
1683
1653
1650
1654
1685
2272
1652
1653
2273
1657
1655
1655
1654
1656
1689
1659
1656
1660
1691
2274
1658
1659
2275
1663
1661
1661
1660
1662
1695
1665
1662
1666
1697
2276
1664
1665
2277
1669
1667
1667
1666
1668
1701
1671
1668
1672
1703
2278
1670
1671
2279
1675
1673
1673
1672
1674
1707
1677
1674
1678
1709
2280
1676
1677
2281
1681
1679
1679
1678
1680
1713
1682
1680
1723
1724
2282
2211
1682
2213
1723
1685
1684
1686
1687
1689
1686
1690
1688
1688
2283
1693
2284
1691
1690
1692
1693
1695
1692
1696
1694
1694
2285
1699
2286
1697
1696
1698
1699
1701
1698
1702
1700
1700
2287
1705
2288
1703
1702
1704
1705
1707
1704
1708
1706
1706
2289
1711
2290
1709
1708
1710
1711
1713
1710
1714
1712
1712
2291
1715
2292
1724
1714
1725
1715
1716
2293
1725
1717
2294
1727
2219
2295
1719
2225
1721
1720
2228
1722
2229
1722
2235
1726
1726
1725
1727
2238
1727
2239
2200
1729
1731
2296
2202
1730
1733
2203
1876
1734
1733
1732
2297
1735
1737
2298
1734
1735
1878
1736
1736
1739
1768
1740
1739
1738
2299
1741
1743
2300
1740
1741
1772
1742
1742
1745
1774
1746
1745
1744
2301
1747
1749
2302
1746
1747
1778
1748
1748
1751
1780
1752
1751
1750
2303
1753
1755
2304
1752
1753
1784
1754
1754
1757
1786
1758
1757
1756
2305
1759
1761
2306
1758
1759
1790
1760
1760
1763
1792
1764
1763
1762
2307
1765
1802
2308
1764
1765
1796
1766
1766
1804
1798
1805
2209
2309
1770
1877
1878
1769
1772
1879
1771
1773
2310
1771
1879
2311
1776
1773
1774
1776
1775
1775
1778
1777
1779
2312
1777
2313
1782
1779
1780
1782
1781
1781
1784
1783
1785
2314
1783
2315
1788
1785
1786
1788
1787
1787
1790
1789
1791
2316
1789
2317
1794
1791
1792
1794
1793
1793
1796
1795
1797
2318
1795
2319
1800
1797
1798
1800
1799
1799
1841
1801
1842
2320
1801
2321
1845
1804
1803
2322
1806
1808
2323
1805
1806
1841
1807
1807
1810
1843
1811
1810
1809
2324
1812
1814
2325
1811
1812
1847
1813
1813
1816
1849
1817
1816
1815
2326
1818
1820
2327
1817
1818
1853
1819
1819
1822
1855
1823
1822
1821
2328
1824
1826
2329
1823
1824
1859
1825
1825
1828
1861
1829
1828
1827
2330
1830
1832
2331
1829
1830
1865
1831
1831
1834
1867
1835
1834
1833
2332
1836
1838
2333
1835
1836
1871
1837
1837
1839
1880
1840
1839
2215
2334
1840
2216
1882
2217
1842
1843
1845
1844
1844
1847
1846
1848
2335
1846
2336
1851
1848
1849
1851
1850
1850
1853
1852
1854
2337
1852
2338
1857
1854
1855
1857
1856
1856
1859
1858
1860
2339
1858
2340
1863
1860
1861
1863
1862
1862
1865
1864
1866
2341
1864
2342
1869
1866
1867
1869
1868
1868
1871
1870
1872
2343
1870
2344
1873
1872
1880
1873
1881
2345
1874
2346
1875
1881
2347
2222
1883
2230
1877
1878
2231
1879
1879
1881
1882
1883
1883
2240
2241
2197
1885
1886
2244
2198
2178
1888
1888
1887
2245
1890
1892
2246
1889
1890
2178
2181
1891
1891
1894
1923
1895
1894
1893
2247
1896
1898
2248
1895
1896
1927
1897
1897
1900
1929
1901
1900
1899
2249
1902
1904
2250
1901
1902
1933
1903
1903
1906
1935
1907
1906
1905
2251
1908
1910
2252
1907
1908
1939
1909
1909
1912
1941
1913
1912
1911
2253
1914
1916
2254
1913
1914
1945
1915
1915
1918
1947
1919
1918
1917
2255
1920
2031
2256
1919
1920
1951
1921
1921
2033
1953
2034
2201
2296
1925
2180
2181
1924
1927
2182
1926
1928
2297
1926
2182
2298
1931
1928
1929
1931
1930
1930
1933
1932
1934
2299
1932
2300
1937
1934
1935
1937
1936
1936
1939
1938
1940
2301
1938
2302
1943
1940
1941
1943
1942
1942
1945
1944
1946
2303
1944
2304
1949
1946
1947
1949
1948
1948
1951
1950
1952
2305
1950
2306
1955
1952
1953
1955
1954
1954
2069
1956
2070
2307
1956
2308
2073
2257
1960
1958
2205
1962
1959
2206
1963
2183
2207
2258
1961
1962
2259
1966
1964
1964
1963
1965
2185
1968
1965
1969
1997
2260
1967
1968
2261
1972
1970
1970
1969
1971
2001
1974
1971
1975
2003
2262
1973
1974
2263
1978
1976
1976
1975
1977
2007
1980
1977
1981
2009
2264
1979
1980
2265
1984
1982
1982
1981
1983
2013
1986
1983
1987
2015
2266
1985
1986
2267
1990
1988
1988
1987
1989
2019
1992
1989
1993
2021
2268
1991
1992
2269
2104
1994
1994
1993
1995
2025
2106
1995
2107
2027
2184
1999
2309
2208
2001
1998
2185
2002
2000
2186
2186
2000
2310
2005
2311
2003
2002
2004
2005
2007
2004
2008
2006
2006
2312
2011
2313
2009
2008
2010
2011
2013
2010
2014
2012
2012
2314
2017
2315
2015
2014
2016
2017
2019
2016
2020
2018
2018
2316
2023
2317
2021
2020
2022
2023
2025
2022
2026
2024
2024
2318
2029
2319
2027
2026
2028
2029
2143
2028
2144
2030
2030
2320
2147
2321
2033
2032
2270
2035
2037
2271
2034
2035
2069
2036
2036
2039
2071
2040
2039
2038
2272
2041
2043
2273
2040
2041
2075
2042
2042
2045
2077
2046
2045
2044
2274
2047
2049
2275
2046
2047
2081
2048
2048
2051
2083
2052
2051
2050
2276
2053
2055
2277
2052
2053
2087
2054
2054
2057
2089
2058
2057
2056
2278
2059
2061
2279
2058
2059
2093
2060
2060
2063
2095
2064
2063
2062
2280
2065
2067
2281
2064
2065
2099
2066
2066
2068
2188
2187
2068
2210
2282
2187
2212
2070
2071
2073
2072
2072
2075
2074
2076
2322
2074
2323
2079
2076
2077
2079
2078
2078
2081
2080
2082
2324
2080
2325
2085
2082
2083
2085
2084
2084
2087
2086
2088
2326
2086
2327
2091
2088
2089
2091
2090
2090
2093
2092
2094
2328
2092
2329
2097
2094
2095
2097
2096
2096
2099
2098
2100
2330
2098
2331
2101
2100
2188
2101
2189
2332
2102
2333
2103
2189
2334
2214
2191
2283
2105
2106
2284
2110
2108
2108
2107
2109
2143
2112
2109
2113
2145
2285
2111
2112
2286
2116
2114
2114
2113
2115
2149
2118
2115
2119
2151
2287
2117
2118
2288
2122
2120
2120
2119
2121
2155
2124
2121
2125
2157
2289
2123
2124
2290
2128
2126
2126
2125
2127
2161
2130
2127
2131
2163
2291
2129
2130
2292
2134
2132
2132
2131
2133
2167
2136
2133
2137
2169
2293
2135
2136
2294
2140
2138
2138
2137
2139
2173
2141
2139
2142
2192
2295
2218
2141
2220
2142
2221
2194
2145
2144
2146
2147
2149
2146
2150
2148
2148
2335
2153
2336
2151
2150
2152
2153
2155
2152
2156
2154
2154
2337
2159
2338
2157
2156
2158
2159
2161
2158
2162
2160
2160
2339
2165
2340
2163
2162
2164
2165
2167
2164
2168
2166
2166
2341
2171
2342
2169
2168
2170
2171
2173
2170
2174
2172
2172
2343
2175
2344
2192
2174
2193
2175
2176
2345
2193
2177
2346
2195
2223
2347
2224
2179
2226
2180
2181
2227
2182
2182
2185
2184
2232
2186
2233
2186
2190
2234
2189
2190
2191
2191
2236
2237
2194
2193
2195
2242
2195
2243
2199
2348
2198
2348
2224
2225
2202
2349
2349
2227
2203
2230
2350
2229
2206
2350
2207
2232
2351
2233
2351
2231
2212
2352
2213
2352
2234
2235
2353
2237
2216
2353
2217
2240
2220
2354
2354
2239
2221
2242
2355
2241
2355
2243
2226
2228
2227
2229
2231
2233
2236
2238
2237
2239
2241
2243
2245
2348
2246
2247
2248
2249
2250
2251
2252
2253
2254
2255
2256
2270
2258
2350
2259
2260
2261
2262
2263
2264
2265
2266
2267
2268
2269
2283
2271
2272
2273
2274
2275
2276
2277
2278
2279
2280
2281
2282
2352
2284
2285
2286
2287
2288
2289
2290
2291
2292
2293
2294
2295
2354
2297
2349
2298
2299
2300
2301
2302
2303
2304
2305
2306
2307
2308
2322
2310
2351
2311
2312
2313
2314
2315
2316
2317
2318
2319
2320
2321
2335
2323
2324
2325
2326
2327
2328
2329
2330
2331
2332
2333
2334
2353
2336
2337
2338
2339
2340
2341
2342
2343
2344
2345
2346
2347
2355
)
