/*--------------------------------*- C++ -*----------------------------------*\
| =========                 |                                                 |
| \\      /  F ield         | OpenFOAM: The Open Source CFD Toolbox           |
|  \\    /   O peration     | Version:  2412                                  |
|   \\  /    A nd           | Website:  www.openfoam.com                      |
|    \\/     M anipulation  |                                                 |
\*---------------------------------------------------------------------------*/
FoamFile
{
    version     2.0;
    format      ascii;
    arch        "LSB;label=32;scalar=64";
    class       labelList;
    location    "constant/polyMesh";
    object      neighbour;
}
// * * * * * * * * * * * * * * * * * * * * * * * * * * * * * * * * * * * * * //


7356
(
322
1
316
2
387
3
263
317
539
317
5
541
323
326
389
274
327
540
267
322
9
319
320
540
459
271
321
323
321
265
330
5
461
9
4
331
7
323
11
15
6
334
13
7
549
326
330
8
8
325
14
17
78
328
332
18
336
13
10
11
327
334
269
12
328
14
12
21
399
329
150
22
329
335
14
338
401
25
339
17
334
21
16
331
19
332
23
27
18
471
25
19
87
333
335
20
20
333
26
29
89
342
473
30
343
25
22
23
335
346
159
24
338
26
24
33
342
337
161
34
340
344
26
348
339
37
346
29
340
33
28
411
31
341
35
39
30
341
37
31
99
347
350
32
32
413
38
41
101
351
346
42
343
37
34
35
344
483
171
36
345
38
36
45
347
345
173
46
354
485
38
355
347
49
358
41
350
45
40
354
43
349
47
51
42
352
49
43
111
356
360
44
44
351
50
53
113
358
352
54
423
49
46
47
353
353
183
48
359
50
48
57
361
542
185
58
273
358
50
355
356
61
495
53
357
57
52
359
55
357
59
63
54
362
61
55
123
276
550
56
56
359
62
65
125
542
361
66
362
61
58
59
267
268
195
60
553
62
60
69
274
269
197
70
546
364
62
365
367
73
369
65
366
69
64
366
67
375
71
288
66
368
73
67
135
370
376
68
68
371
74
290
137
368
373
291
379
73
70
71
371
370
207
72
373
74
72
294
381
372
209
295
373
509
74
374
374
298
550
269
278
544
383
511
384
275
279
271
548
552
376
272
377
274
379
381
76
378
80
378
555
387
380
273
273
546
547
382
77
388
83
383
380
282
385
84
275
553
283
548
391
383
548
275
382
557
554
79
385
393
87
81
384
82
88
385
521
83
81
386
386
85
91
395
286
523
558
396
85
388
93
389
84
85
391
393
279
86
390
86
95
390
399
222
96
88
392
394
89
91
400
93
90
90
395
392
99
92
397
94
100
403
395
95
92
394
397
97
103
405
95
396
94
397
97
533
105
398
96
97
398
407
230
98
535
98
107
408
400
232
108
100
401
403
101
103
405
105
102
102
402
402
111
104
411
106
112
404
406
107
104
412
407
109
115
404
107
409
106
415
109
407
117
406
108
109
409
417
242
110
408
110
119
409
545
244
120
112
410
410
113
115
419
117
114
114
547
420
123
116
412
118
124
413
415
119
116
417
414
121
127
414
119
423
118
416
121
418
129
424
120
121
419
416
254
122
421
122
131
425
419
256
132
124
418
421
125
127
427
129
126
126
420
421
135
128
557
130
136
422
422
131
128
428
559
133
139
429
131
424
130
550
133
425
141
427
132
133
283
277
551
281
553
266
134
285
507
552
552
134
143
279
280
268
144
136
561
428
137
139
426
141
138
138
430
432
363
140
428
142
364
286
281
143
140
554
562
281
509
429
145
367
430
143
569
142
431
145
431
369
433
144
145
554
434
278
146
287
510
283
565
146
371
558
284
280
372
433
286
562
285
285
556
434
560
513
287
564
514
567
558
436
287
437
439
559
441
565
517
560
290
438
148
438
447
153
149
440
442
155
560
448
443
440
156
445
451
294
289
569
292
566
443
296
300
291
442
445
151
159
453
152
154
160
444
445
570
298
513
446
157
163
446
155
455
154
515
157
456
165
156
448
157
292
449
451
158
158
453
167
224
450
450
168
459
452
160
161
454
163
165
162
460
455
162
171
452
164
166
172
457
463
167
164
455
454
169
175
457
167
465
166
456
169
457
177
168
525
169
234
458
458
170
170
467
179
236
527
468
180
460
461
172
173
463
175
177
174
465
462
174
183
462
176
178
184
471
464
179
176
466
472
181
187
467
179
464
178
469
181
475
189
180
467
181
246
466
469
182
182
477
191
248
468
469
192
537
470
184
185
470
187
189
186
479
539
186
195
480
188
190
196
472
473
191
188
475
477
193
199
474
191
474
190
483
193
476
201
192
478
193
258
484
479
194
194
476
203
260
481
487
204
479
478
196
197
481
199
201
198
489
480
198
207
481
200
202
208
549
482
203
200
482
491
205
211
551
203
492
202
484
205
485
213
204
487
205
270
489
486
206
206
486
215
272
495
488
216
490
496
208
209
491
211
213
210
488
493
210
435
497
212
214
436
491
490
215
212
493
498
217
439
492
215
493
214
561
217
494
441
216
494
217
282
500
563
218
218
501
443
284
496
363
444
497
562
563
293
293
498
565
299
302
365
564
564
303
571
298
295
296
566
572
435
297
566
299
297
306
573
570
437
307
572
568
299
310
302
570
306
301
500
304
573
308
312
303
310
304
375
305
305
311
500
314
499
502
504
226
501
377
502
572
221
571
223
503
225
228
503
505
315
310
307
308
573
447
309
311
506
309
318
449
319
223
230
574
227
231
311
575
322
314
318
313
316
320
505
324
225
506
315
234
227
510
235
514
508
227
512
516
238
519
231
510
235
229
511
233
517
237
240
512
512
231
232
521
238
233
518
522
233
242
514
239
243
235
515
517
236
238
516
237
237
516
525
246
239
518
247
526
518
239
529
522
250
526
243
520
247
241
524
245
528
249
252
531
522
243
244
523
250
245
529
524
245
254
524
251
255
247
533
530
248
250
534
249
249
526
527
258
251
529
259
528
528
251
537
530
262
538
255
530
259
253
541
257
534
261
264
538
532
255
256
536
262
257
540
543
257
266
534
263
267
259
535
541
260
262
536
261
261
536
545
270
263
542
271
546
538
576
590
578
591
583
585
592
631
693
852
829
914
836
843
830
844
845
837
615
621
737
640
648
650
657
658
787
853
864
869
874
875
976
899
908
1032
678
683
762
702
711
712
719
720
808
915
926
731
932
758
988
1009
1018
977
936
937
989
783
994
800
821
998
796
1010
997
805
806
1015
962
970
1054
817
826
827
1057
1079
588
587
589
588
587
589
591
592
594
597
598
595
592
594
595
597
596
594
596
598
598
609
608
607
610
611
609
601
603
612
608
602
613
605
603
614
610
632
610
605
607
633
606
634
608
607
635
609
610
618
612
614
616
613
617
614
619
618
616
617
619
620
617
618
643
619
619
629
622
621
630
630
627
623
652
623
625
653
624
654
626
625
655
629
628
627
630
630
629
635
641
640
642
642
633
635
636
634
641
635
644
637
639
645
641
638
646
640
639
647
642
642
641
651
648
649
644
645
647
649
646
650
647
651
649
650
651
656
650
651
656
653
655
657
654
660
655
659
659
658
657
660
658
660
659
660
672
666
670
671
673
672
663
665
674
668
664
675
670
665
676
671
694
667
669
695
670
668
696
669
697
672
671
672
681
674
676
679
675
677
676
680
682
680
678
679
681
679
680
705
681
681
692
683
687
690
686
688
692
714
690
685
687
715
689
686
716
687
717
692
689
691
691
692
704
702
703
694
695
697
703
696
701
697
704
706
704
699
701
707
702
700
708
703
701
709
703
704
709
710
711
713
713
707
709
712
708
710
709
718
711
712
713
712
713
722
715
717
721
716
719
717
718
719
720
722
720
721
722
721
722
750
736
724
726
751
729
725
752
731
726
753
735
775
732
728
730
776
731
729
777
730
778
736
734
733
736
733
734
735
736
746
742
749
748
754
747
739
741
755
744
740
756
749
741
757
748
788
743
745
789
749
744
790
745
791
747
748
747
749
760
751
753
758
752
759
753
754
755
757
759
756
761
757
760
759
761
760
799
761
761
773
774
770
772
779
773
764
766
780
774
765
781
768
766
782
771
809
771
768
770
810
769
811
774
770
812
772
773
774
782
776
778
784
777
783
778
785
785
780
782
786
781
784
782
785
786
784
820
786
786
797
796
798
788
789
791
798
790
795
791
797
801
797
793
795
802
796
794
803
798
795
804
798
797
804
807
805
800
805
806
801
802
804
806
803
807
804
806
807
807
812
819
817
818
818
810
812
813
811
819
812
822
814
816
823
819
815
824
817
816
825
818
818
819
821
826
828
822
825
827
826
823
825
828
824
827
825
828
827
828
835
831
833
830
832
834
835
882
833
834
835
834
833
835
837
839
838
842
842
841
840
944
842
841
839
840
841
842
844
846
849
845
845
851
846
849
850
847
848
851
850
849
851
853
862
861
863
863
854
862
865
855
857
866
862
856
867
859
857
868
863
883
863
859
861
884
860
885
862
861
886
872
869
870
865
866
868
870
867
871
868
872
870
871
872
873
871
894
872
880
876
875
874
875
881
880
881
877
903
877
879
904
878
905
881
879
906
880
881
886
891
892
893
893
884
886
887
885
891
886
895
888
890
896
891
889
897
892
890
898
893
892
893
902
899
900
895
896
898
900
897
901
898
902
900
901
902
907
901
902
907
904
906
908
905
910
906
911
911
913
908
909
913
913
910
912
912
913
925
920
924
915
924
919
925
927
925
917
919
928
922
918
929
924
919
930
945
921
923
946
924
922
947
923
948
925
930
931
932
934
934
928
930
933
929
931
930
935
932
933
934
933
956
934
936
937
941
943
943
942
937
940
942
965
943
939
941
966
942
940
967
941
968
943
955
954
953
945
946
948
953
947
952
948
955
957
955
950
952
958
954
951
959
953
952
960
954
955
960
961
962
964
964
958
960
963
959
961
960
969
962
963
964
963
964
974
966
968
971
967
970
968
969
970
975
974
975
972
973
972
975
975
974
986
982
987
977
987
981
986
990
986
979
981
991
984
980
992
987
981
993
1033
983
985
1034
987
984
1035
985
1036
986
989
994
995
990
993
996
994
991
993
995
992
996
993
995
996
1045
996
998
1008
1006
1007
1007
999
1008
1011
1000
1002
1012
1008
1001
1013
1004
1002
1014
1007
1058
1007
1004
1006
1059
1005
1060
1008
1006
1061
1014
1016
1015
1010
1015
1017
1011
1012
1014
1017
1013
1016
1014
1017
1016
1070
1017
1030
1019
1026
1027
1046
1020
1022
1047
1025
1021
1048
1031
1022
1049
1029
1071
1028
1024
1026
1072
1031
1025
1073
1026
1074
1030
1028
1031
1031
1030
1042
1043
1044
1033
1034
1036
1044
1035
1040
1036
1041
1050
1041
1038
1040
1051
1043
1039
1052
1044
1040
1053
1042
1043
1044
1053
1056
1054
1046
1047
1049
1054
1048
1055
1049
1050
1051
1053
1055
1052
1056
1053
1055
1056
1056
1061
1069
1068
1066
1067
1059
1061
1062
1060
1069
1061
1075
1063
1065
1076
1069
1064
1077
1068
1065
1078
1067
1068
1067
1069
1074
1079
1081
1075
1078
1072
1074
1080
1073
1079
1074
1076
1078
1081
1077
1080
581
580
578
582
599
581
579
578
582
582
579
1078
580
1081
581
1080
582
1081
589
585
586
588
661
589
585
587
1082
1083
1084
1085
1086
1087
1088
1089
1090
1091
1092
1093
1094
1095
1096
1097
1098
1099
1100
1101
1102
1103
1104
1105
1106
1107
1108
1109
1110
1111
1112
1113
1114
1115
1116
1117
1118
1119
1120
1121
1122
1123
1124
1125
1126
1127
1128
1129
1130
1131
1132
1133
1134
1135
1136
1137
1138
1139
1140
1141
1142
1143
1144
1145
1146
1147
1148
1149
1150
1151
1152
1153
1154
1155
1156
1157
1158
1159
1160
1161
1162
1163
1164
1165
1166
1167
1168
1169
1170
1171
1172
1173
1174
1175
1176
1177
1178
1179
1180
1181
1182
1183
1184
1185
1186
1187
1188
1189
1190
1191
1192
1193
1194
1195
1196
1197
1198
1199
1200
1201
1202
1203
1204
1205
1206
1207
1208
1209
1210
1211
1212
1213
1214
1215
1216
1217
1218
1219
1220
1221
1222
1223
1224
1225
1226
1227
1228
1229
1230
1231
1232
1233
1234
1235
1236
1237
1238
1239
1240
1241
1242
1243
1244
1245
1246
1247
1248
1249
1250
1251
1252
1253
1254
1255
1256
1257
1258
1259
1260
1261
1262
1263
1264
1265
1266
1267
1268
1269
1270
1271
1272
1273
1274
1275
1276
1277
1278
1279
1280
1281
1282
1283
1284
1285
1286
1287
1288
1289
1290
1291
1292
1293
1294
1295
1296
1297
1298
1299
1300
1301
1302
1303
1304
1305
1306
1307
1308
1309
1310
1311
1312
1313
1314
1315
1316
1317
1318
1319
1320
1321
1322
1323
1324
1325
1326
1327
1328
1329
1330
1331
1332
1333
1334
1335
1336
1337
1338
1339
1340
1341
1342
1343
1344
1345
1346
1347
1348
1349
1350
1351
1352
1353
1354
1355
1356
1357
1358
1359
1360
1361
1362
1363
1364
1365
1366
1367
1368
1369
1370
1371
1372
1373
1374
1375
1376
1377
1378
1379
1380
1381
1382
1383
1384
1385
1386
1387
1388
1389
1390
1391
1392
1393
1394
1395
1396
1397
1398
1399
1400
1401
1402
1403
1404
1405
1406
1407
1408
1409
1410
1411
1412
1413
1414
1415
1416
1417
1418
1419
1420
1421
1422
1423
1424
1425
1426
1427
1428
1429
1430
1431
1432
1433
1434
1435
1436
1437
1438
1439
1440
1441
1442
1443
1444
1445
1446
1447
1448
1449
1450
1451
1452
1453
1454
1455
1456
1457
1458
1459
1460
1461
1462
1463
1464
1465
1466
1467
1468
1469
1470
1471
1472
1473
1474
1475
1476
1477
1478
1479
1480
1481
1482
1483
1484
1485
1486
1487
1488
1489
1490
1491
1492
1493
1494
1495
1496
1497
1498
1499
1500
1501
1502
1503
1504
1505
1506
1507
1508
1509
1510
1511
1512
1513
1514
1515
1516
1517
1518
1519
1520
1521
1522
1523
1524
1525
1526
1527
1528
1529
1530
1531
1532
1533
1534
1535
1536
1537
1538
1539
1540
1541
1542
1543
1544
1545
1546
1547
1548
1549
1550
1551
1552
1553
1554
1555
1556
1557
1558
1559
1560
1561
1562
1563
1564
1565
1566
1567
1568
1569
1570
1571
1572
1573
1574
1575
1576
1577
1578
1579
1580
1581
1582
1583
1584
1585
1586
1587
1588
1589
1590
1591
1592
1593
1594
1595
1596
1597
1598
1599
1600
1601
1602
1603
1604
1605
1606
1607
1608
1609
1610
1611
1612
1613
1614
1615
1616
1617
1618
1619
1620
1621
1622
1623
1624
1625
1626
1627
1628
1629
1630
1631
1632
1633
1634
1635
1636
1637
1638
1639
1640
1641
1642
1643
1644
1645
1646
1647
1648
1649
1650
1651
1652
1653
1654
1655
1656
1657
1658
1659
1660
1661
1662
1663
1664
1665
1666
1667
1668
1669
1670
1671
1672
1673
1674
1675
1676
1677
1678
1679
1680
1681
1682
1683
1684
1685
1686
1687
1688
1689
1690
1691
1692
1693
1694
1695
1696
1697
1698
1699
1700
1701
1702
1703
1704
1705
1706
1707
1708
1709
1710
1711
1712
1713
1714
1715
1716
1717
1718
1719
1720
1721
1722
1723
1724
1725
1726
1727
1728
1729
1730
1731
1732
1733
1734
1735
1736
1737
1738
1739
1740
1741
1742
1743
1744
1745
1746
1747
1748
1749
1750
1751
1752
1753
1754
1755
1756
1757
1758
1759
1760
1761
1762
1763
1764
1765
1766
1767
1768
1769
1770
1771
1772
1773
1774
1775
1776
1777
1778
1779
1780
1781
1782
1783
1784
1785
1786
1787
1788
1789
1790
1791
1792
1793
1794
1795
1796
1797
1798
1799
1800
1801
1802
1803
1804
1805
1806
1807
1808
1809
1810
1811
1812
1813
1814
1815
1816
1817
1818
1819
1820
1821
1822
1823
1824
1825
1826
1827
1828
1829
1830
1831
1832
1833
1834
1835
1836
1837
1838
1839
1840
1841
1842
1843
1844
1845
1846
1847
1848
1849
1850
1851
1852
1853
1854
1855
1856
1857
1858
1859
1860
1861
1862
1863
1864
1865
1866
1867
1868
1869
1870
1871
1872
1873
1874
1875
1876
1877
1878
1879
1880
1881
1882
1883
1884
1885
1886
1887
1888
1889
1890
1891
1892
1893
1894
1895
1896
1897
1898
1899
1900
1901
1902
1903
1904
1905
1906
1907
1908
1909
1910
1911
1912
1913
1914
1915
1916
1917
1918
1919
1920
1921
1922
1923
1924
1925
1926
1927
1928
1929
1930
1931
1932
1933
1934
1935
1936
1937
1938
1939
1940
1941
1942
1943
1944
1945
1946
1947
1948
1949
1950
1951
1952
1953
1954
1955
1956
1957
1958
1959
1960
1961
1962
1963
1964
1965
1966
1967
1968
1969
1970
1971
1972
1973
1974
1975
1976
1977
1978
1979
1980
1981
1982
1983
1984
1985
1986
1987
1988
1989
1990
1991
1992
1993
1994
1995
1996
1997
1998
1999
2000
2001
2002
2003
2004
2005
2006
2007
2008
2009
2010
2011
2012
2013
2014
2015
2016
2017
2018
2019
2020
2021
2022
2023
2024
2025
2026
2027
2028
2029
2030
2031
2032
2033
2034
2035
2036
2037
2038
2039
2040
2041
2042
2043
2044
2045
2046
2047
2048
2049
2050
2051
2052
2053
2054
2055
2056
2057
2058
2059
2060
2061
2062
2063
2064
2065
2066
2067
2068
2069
2070
2071
2072
2073
2074
2075
2076
2077
2078
2079
2080
2081
2082
2083
2084
2085
2086
2087
2088
2089
2090
2091
2092
2093
2094
2095
2096
2097
2098
2099
2100
2101
2102
2103
2104
2105
2106
2107
2108
2109
2110
2111
2112
2113
2114
2115
2116
2117
2118
2119
2120
2121
2122
2123
2124
2125
2126
2127
2128
2129
2130
2131
2132
2133
2134
2135
2136
2137
2138
2139
2140
2141
2142
2143
2144
2145
2146
2147
2148
2149
2150
2151
2152
2153
2154
2155
2156
2157
2158
2159
2160
2161
2162
2163
2164
2165
2166
2167
2168
2169
2170
2171
2172
2173
2174
2175
2176
2177
2178
2179
2180
2181
2182
2183
2184
2185
2186
2187
2188
2189
2190
2191
2192
2193
2194
2195
1905
1090
1083
1195
1481
1900
1092
1097
1198
1908
1485
1307
1089
1091
2282
1503
1088
1086
1899
1099
1497
1900
1500
1100
1088
1980
1504
1901
1310
1104
1093
1901
1488
1091
1092
1910
1093
1489
1985
1093
1108
1912
1109
1904
1099
1095
1184
1496
1903
1101
1105
1188
2207
1501
1281
1098
1100
1906
1108
1103
1213
1911
1282
1112
1102
2208
1100
1101
1905
1102
1906
1102
1114
1971
1115
1907
1110
1118
1216
1907
1325
1106
1109
1914
1114
1107
1199
1975
1330
1122
1111
1916
1116
1119
1200
1910
1109
1110
1909
1111
2283
1111
1129
1915
1130
1921
1293
1113
1115
2284
1296
1123
1117
1912
1115
1116
1915
1117
1914
1117
1125
1913
1127
2209
1129
1120
1231
1996
1125
1121
1214
1918
1132
1136
1233
1917
1128
1134
1215
1920
1345
1126
1130
2210
1308
1124
1127
1916
1309
1137
1131
1917
1127
1128
1918
1347
1144
1133
1927
1131
1981
1131
1140
1919
1130
1132
1919
1133
1923
1141
2000
1133
1147
1929
1148
1984
1140
1135
1228
1925
1142
1146
1230
1923
1147
1139
1249
1922
1322
1138
1141
2211
1323
1152
1143
1927
1149
1508
1253
1924
1141
1142
2285
1143
1926
1143
1154
1932
1159
2212
1362
1145
1148
1925
1364
1511
1150
1926
1154
1151
1242
1930
1148
1149
1938
1150
2286
1150
1155
1992
1158
1928
1161
1164
1244
1928
1337
1153
1159
1934
1338
1168
1162
1929
1159
1161
1930
1507
1156
1994
1157
1515
1935
1514
1158
2010
1512
1931
1162
1931
1465
1163
1166
1256
1939
1162
1172
2012
1174
1940
1466
1178
1169
1934
1172
1165
1255
1933
1175
1465
1256
2213
1169
1167
1264
1936
1170
1173
1265
1943
1349
1171
1174
2214
1183
1170
1935
1185
1177
1936
1354
1468
1176
2004
1174
1175
1937
1177
1391
1268
1937
1176
1946
1176
1472
2006
1473
1948
1189
1396
1939
1480
1179
1183
2288
1481
1195
1186
2287
1520
1192
1181
1940
1182
1522
2290
1196
1365
1524
2022
1186
1185
2292
1188
1190
1516
2018
1187
1189
1942
1201
1187
1944
1202
1191
2169
1199
1193
2019
1191
1411
1949
1193
1192
1521
1947
1208
1413
1946
1194
1196
1945
1205
1194
2215
1206
1197
1947
1198
1201
1955
1197
1378
2173
1210
1380
1950
1213
1203
2166
1200
1205
2216
1214
1207
1948
1203
1202
1950
1204
1208
1952
1220
1204
1956
1222
1211
2014
1207
1206
1951
1209
1210
2021
1217
1209
2237
1211
1428
1952
1218
1212
1951
1212
1395
2168
1227
1430
2018
1224
1397
2169
1216
1220
2296
1215
1217
1960
1228
1219
2203
1231
1223
1954
1219
1218
1962
1221
1224
2218
1232
1221
1957
1223
1222
1963
1234
1226
1956
1225
1227
1958
1239
1225
2181
1226
1410
1960
1240
1229
1959
1237
1412
2219
1229
1445
2221
1230
1232
1966
1245
1447
1959
1242
1235
1968
1233
1239
2183
1235
1234
1961
1249
1241
1969
1236
1237
2297
1247
1236
1961
1248
1238
2298
1238
1424
1974
1252
1427
1963
1241
1240
1964
1243
1245
1966
1257
1243
1965
1244
1247
1965
1258
1246
1971
1255
1250
1967
1246
1462
1973
1262
1463
2223
1250
1248
1967
1251
1252
2226
1253
1257
1978
1261
1251
1969
1263
1254
1970
1254
1438
1974
1525
1259
1972
1267
1440
1972
1256
1261
1980
1264
1973
1259
1258
1975
1260
1262
1976
1529
1260
1982
1270
1266
1978
1264
1263
1977
1266
1478
2299
1265
1267
1976
1265
1977
1268
1981
1271
1479
2300
1268
1453
1989
1455
1979
1532
1271
1270
1983
1530
2227
1535
1491
1979
1354
1278
1275
1468
2228
1539
1276
1274
1988
1283
1538
1982
1280
1289
1470
1985
1542
1370
1290
1983
1357
1286
1279
1278
1984
1358
1280
1989
1288
1294
1280
1987
1295
1988
1531
1284
1282
1986
1287
1293
1986
1290
1285
1284
1992
1537
1287
1987
1291
1299
1287
1996
1363
1398
1288
1990
1300
1993
1401
1303
1991
1295
1292
1483
1998
1381
1291
2229
1384
1304
1990
1298
1307
1485
2301
1300
1296
1991
1303
1297
1295
2230
1298
1997
1302
1308
2302
1306
1315
1298
2002
1316
1993
1304
1301
1300
1994
1302
1997
1305
1311
1302
1995
1312
1995
1416
1306
2004
1399
1305
1999
1400
1319
2005
1417
1321
1998
1316
1310
2000
1312
1309
2231
1314
1322
1999
1318
1325
2002
1319
1313
1312
2001
1314
2232
1320
1326
1314
2008
1327
2001
1321
1317
1316
2010
1318
2003
1324
1332
1318
2011
1333
2303
1414
1320
2003
1415
1331
2304
1432
1324
2015
1327
1323
2005
1329
1337
2006
1435
1340
2008
1333
1330
2007
1331
1328
1327
2007
1329
2014
1336
1339
1329
2009
1341
2016
1335
1345
2233
1429
1336
2009
1340
1334
1333
2234
1335
2020
1344
1350
1335
2011
1351
2012
1431
1346
2015
1341
1338
2013
1343
1349
2013
1346
1342
1341
2022
1450
1344
2017
1343
2023
1348
1355
1343
2016
1356
2018
1454
1359
2305
1351
1347
2017
1443
1348
2020
1353
1362
2019
1446
1360
2306
1356
1354
2024
1359
1352
1351
2019
1353
2021
1361
1367
1353
2235
1368
2021
1358
2236
1360
1357
1356
2023
1358
2293
1363
1358
2024
2308
1464
1361
2307
1456
1363
2309
1467
1376
2241
1368
1364
2033
1459
2026
1372
1553
2240
1548
1366
2036
1378
1546
2027
1376
1371
1368
2242
1372
2037
1543
1381
1370
2094
1550
2244
1379
1382
1372
2257
1557
2029
1374
1375
1381
1544
2030
1545
1378
1377
2087
1377
1390
1384
2314
1482
1379
2040
1380
1392
2032
1380
2032
1484
1385
2031
1395
2092
1384
2034
1556
1383
2112
1385
1558
2093
1399
2043
1492
1561
2034
1387
1388
1398
1451
2243
1452
1391
1389
2035
1389
1402
1401
2036
1396
1403
2046
1392
1393
1399
2116
1396
1455
2246
1395
1394
2042
1394
1404
1400
2038
1397
1405
2038
1397
2037
1411
2039
1410
2103
1459
1401
2045
1400
2039
1414
2047
1416
2107
1403
1406
1416
2315
1411
1408
2041
1405
1407
1414
2043
1410
1409
2316
1408
1421
1417
2055
1409
1418
1415
2048
1413
1423
2247
1412
1419
2044
1412
2045
1413
2048
1424
2046
1428
2248
1415
2052
1429
2049
1417
2049
1432
2047
1419
1420
1429
2050
1424
1422
2126
1422
1433
1431
2051
1423
1425
1432
2113
1427
1434
2059
1428
1426
2050
1427
2054
1426
1439
1435
2051
1430
1441
2061
1438
2131
1430
2056
1431
2117
1445
2249
1443
2053
1435
2054
1434
1436
1443
2250
1438
1437
2064
1450
2058
1437
1448
1446
2058
1440
1449
2056
1440
2317
1441
1442
1450
2057
1453
2059
1445
1444
2060
1444
1457
1454
2124
1446
2318
1447
1458
2070
1447
2062
1456
2066
1462
2060
1449
1451
1456
2062
1453
1452
2061
1454
2067
1452
1459
2127
1455
2063
1455
2141
1464
2072
2063
1459
2073
1458
1460
1464
2144
1462
1461
2251
2065
1461
1469
1467
2066
1463
1471
2252
1463
2076
1478
2068
1467
2068
1472
1466
2067
1475
1480
2069
1482
2136
1470
1473
2078
1471
1474
1482
2069
1483
1477
2079
1478
1476
2138
1473
1475
2319
1477
2071
1476
1562
1484
2072
1477
1486
2320
1479
1565
2082
1487
2074
1479
2074
1490
2073
1486
1481
2075
1488
2154
1484
2084
1485
1487
2075
1493
2086
1489
2156
1487
1488
2253
1489
2077
1489
2078
2254
1564
1491
2085
1567
2080
1569
1493
2080
1563
2079
2197
1499
1495
2196
2081
1503
1498
2199
2148
1516
1497
2088
1498
2081
1517
2202
2090
2200
1502
1504
2150
1502
1501
2321
1531
2083
2204
1533
2084
1504
2322
2096
2288
1506
1510
2289
2089
2290
1509
1515
2089
1509
1508
2086
1525
2255
2292
1526
2087
1514
1513
2291
2088
1553
1512
2091
1513
2170
1554
2294
2256
1515
2092
2092
1521
1517
2090
1518
2203
2099
1522
1519
2218
2091
1523
2220
2219
2093
1522
1521
2160
2100
1523
2174
1524
2222
2093
1548
2224
2162
1526
1529
2103
2293
1527
2095
2308
1528
1532
2245
2309
2310
1534
2104
1530
2097
1532
2260
1533
1537
2323
1534
2098
2205
1536
2099
2311
1535
2110
2312
1567
2262
2238
1540
1539
2261
1538
2324
1539
2105
1541
2101
2239
2240
1541
2101
2242
1542
2100
2244
1550
2102
1547
1544
2184
1545
2106
1546
2102
1547
2108
1551
1549
2186
1549
2225
2107
1552
2258
2104
2245
1551
2109
2260
1552
2110
2261
2259
2325
1557
1554
2328
1555
2295
2106
1558
1559
2326
2329
1558
1557
2108
2113
1560
2109
1560
2328
2327
2330
1561
2329
2192
1569
2330
2115
1565
1563
2111
1566
2111
1566
1565
2263
2121
1568
1570
2264
2313
1568
2116
2344
1571
2114
1570
2331
2162
1571
2346
2117
2345
2347
2115
2198
1578
1573
2197
2119
1583
1575
2200
2120
1726
1577
1576
1724
2163
1584
1636
2204
2118
1579
1663
1725
2121
1727
1588
1579
2126
2201
1580
1583
2119
1590
1668
2124
2206
1587
1585
2118
2281
1582
1588
1727
2125
2282
1595
1591
2123
1585
1584
2129
1586
1643
2122
1593
1586
2122
1594
1646
2275
2207
1589
1593
2165
1591
1590
2123
2208
1599
1596
2265
1592
1679
2134
1601
1592
2332
1604
1682
2130
1596
1594
2266
1597
1654
2127
2283
1598
1601
2125
1602
1597
2128
1603
1657
2130
2284
1610
1606
2131
2209
1600
1602
2129
2210
1609
1605
2136
1606
1604
2128
1605
1603
2137
1607
1664
2132
1608
1692
2133
1613
1607
2134
1617
1608
2132
1614
1667
2267
1618
1695
2141
2211
1611
1613
2133
2285
1612
1617
2140
2212
1619
1615
2268
2286
1623
1620
2143
1615
1614
2135
1616
1675
2135
1624
1616
2333
1625
1677
2146
1620
1618
2334
1622
1705
2138
2213
1621
1624
2137
1627
1622
2139
2214
1630
1626
2140
1629
1707
2148
2287
2289
1627
2139
1626
1625
2149
1628
1686
2142
1632
1628
2142
2291
1629
2269
1633
1689
2144
2294
1711
2143
2215
1631
1632
2152
2216
1714
1634
2270
1634
1633
2145
1635
1697
2146
1716
1635
2154
1717
1699
2145
1643
1637
2205
2155
1645
1640
2238
2147
1717
1641
1639
1699
2147
1642
1644
1700
2335
1649
2241
2239
2158
1719
1651
1642
2336
1652
1647
2150
1646
1645
2149
1647
2257
1704
2151
1648
1649
2152
1654
1648
2160
1659
2314
2151
1656
1650
2161
1650
2243
2153
1661
2246
2153
1723
1653
1652
2271
1655
1659
2164
1725
1663
1655
2272
1657
1656
2156
1665
1660
2155
1658
1661
2157
1664
1658
2158
1666
1662
2170
1660
2315
2157
1673
2316
2172
1662
2247
2159
1671
2248
2159
1668
1665
2337
1667
1666
2176
1670
1673
2338
1669
1671
2162
1675
1669
2161
1679
1670
2163
1676
1672
2164
1680
1674
2163
1672
2249
2165
1681
2250
2165
1674
2317
2273
1685
2318
2274
1677
1676
2168
1678
1681
2167
1686
1678
2217
1688
1683
2171
1682
1680
2178
1684
1685
2276
1683
2251
2169
1692
1684
2171
1691
2252
2173
1694
1687
2174
1687
2319
2172
1689
1688
2173
1701
2320
2180
1690
1691
2175
1697
1690
2176
1698
1693
2181
1693
2253
2184
1695
1694
2175
1703
2254
2185
1696
1701
2177
1705
1696
2177
1706
1702
2339
1699
1698
2188
1700
1703
2340
1700
2180
1704
2179
1702
2321
2277
1709
2322
2182
1704
2255
2190
2256
2278
1707
1706
2181
1708
1709
2182
1711
1708
2183
1712
1710
2183
1710
2323
2193
1713
2324
2186
2295
1712
2185
2326
1713
2187
2327
2325
2188
2217
1715
1716
2192
2276
1720
1718
2187
1718
1717
2194
1719
2189
1722
1719
2189
1723
2341
2277
1721
1722
2195
2278
1726
1724
2342
1724
1723
2193
1725
2191
1725
2279
2280
2279
1727
2331
2280
2194
1794
1730
1729
2237
2346
1732
1736
2296
2195
1801
1731
1732
2347
1802
1815
1733
2343
1733
1739
2199
1817
1741
2348
2220
1735
1740
2221
2200
2222
1737
1745
2348
1739
1738
2297
2201
2224
1806
1746
2348
1743
1749
2298
2202
1741
1743
2204
1745
1742
2223
2206
1827
1744
2203
1747
1751
2226
2218
1744
1753
2205
1832
1754
2238
1746
1747
2207
1809
1748
2208
1748
1755
2209
1811
1757
2210
1753
1750
2299
2211
1756
1763
2300
2212
1755
1752
2227
2213
1759
1761
2228
2214
1754
1756
2215
1842
1758
2216
1757
1759
2217
1758
1767
2276
1818
1760
2219
1845
1769
2349
1760
1765
2222
1821
1766
2349
1765
1762
2229
2223
1768
1773
2230
2349
1767
1764
2301
2224
1771
1776
2302
2226
1766
1768
2225
1828
1770
2258
1769
1771
2227
1770
1775
2228
1855
1772
2229
1831
1777
2230
1772
1781
2231
1858
1782
2232
1775
1774
2231
2233
1779
1783
2232
2234
1777
1779
2235
1781
1778
2303
2236
1839
1780
2237
1784
1791
2304
2296
1780
1787
2239
1841
1788
2350
1782
1784
2242
1868
1786
2350
1787
1785
2233
2243
1786
1795
2350
1789
1793
2234
2244
1871
1796
2246
1788
1789
2245
1850
1790
2260
1790
1798
2247
1853
1800
2248
1795
1792
2305
2249
1797
1803
2306
2250
1798
1794
2235
2251
1801
2236
2252
1796
1797
2253
1875
1799
2254
1799
1804
2255
1800
1801
2256
1877
1805
2257
1861
1802
2314
1802
2259
1863
2351
1804
2310
2307
2261
1805
2311
2351
1881
2312
2263
2225
1807
1809
2351
2258
1808
1810
2264
2259
2262
1813
2265
1810
1811
2266
1813
1812
2267
1812
1818
2268
1814
1819
2269
2263
1814
2270
2264
1823
2271
1863
1816
1817
2272
1865
1824
1820
2273
1820
1827
2274
1819
1821
2275
1823
1822
2332
1825
1830
2277
1822
1828
2278
1826
1829
2279
2265
1826
2280
1869
2275
1825
2281
2332
1837
2282
2266
1835
2283
1830
1832
2284
1829
1831
2285
1835
1833
2286
1837
1834
2287
1833
1839
2352
1834
1842
2290
1836
1840
2352
1838
1844
2291
2267
1836
2352
2268
1847
2292
2333
1838
2294
2334
1849
2293
1840
1841
2308
1847
1843
2295
1843
1850
2326
1844
1845
2297
1848
1852
2298
1849
1846
2299
1846
1855
2300
1851
1856
2301
2269
1848
2302
2270
1857
2303
2335
1851
2304
1852
1853
2305
2336
1864
2306
1857
1854
2307
1854
1861
2353
1859
1862
2309
1856
1858
2353
1864
1860
2311
2271
1859
2353
1860
1868
2312
2272
1867
2313
1866
1870
2344
1862
1863
2315
1867
1865
2316
1865
2317
2337
1866
2318
1869
2319
2338
1873
2320
2273
1869
2321
1870
1871
2322
2274
2323
1873
1872
2324
1872
1875
2325
1874
1876
2354
2339
1874
2327
2340
1879
2354
1876
1877
2329
1879
1878
2354
1878
1881
2330
1880
1882
2331
2341
1880
2346
2342
1883
2333
1882
2313
2334
1883
2344
2335
2343
2345
2336
2196
1886
1890
2198
2337
2183
1968
1889
2193
2338
2199
1888
1892
2339
2193
1889
1898
2191
2340
2202
1953
1893
2341
1970
1899
2342
1892
1891
2201
2343
1895
1902
2206
2355
1893
1895
2345
1962
1896
2355
2191
1898
1897
2281
2347
1896
1904
2355
1964
-1
-1
-1
-1
-1
-1
-1
-1
-1
-1
-1
-1
-1
-1
-1
-1
-1
-1
-1
-1
-1
-1
-1
-1
-1
-1
-1
-1
-1
-1
-1
-1
-1
-1
-1
-1
-1
-1
-1
-1
-1
-1
-1
-1
-1
-1
-1
-1
-1
-1
-1
-1
-1
-1
-1
-1
-1
-1
-1
-1
-1
-1
-1
-1
-1
-1
-1
-1
-1
-1
-1
-1
-1
-1
-1
-1
-1
-1
-1
-1
-1
-1
-1
-1
-1
-1
-1
-1
-1
-1
-1
-1
-1
-1
-1
-1
-1
-1
-1
-1
-1
-1
-1
-1
-1
-1
-1
-1
-1
-1
-1
-1
-1
-1
-1
-1
-1
-1
-1
-1
-1
-1
-1
-1
-1
-1
-1
-1
-1
-1
-1
-1
-1
-1
-1
-1
-1
-1
-1
-1
-1
-1
-1
-1
-1
-1
-1
-1
-1
-1
-1
-1
-1
-1
-1
-1
-1
-1
-1
-1
-1
-1
-1
-1
-1
-1
-1
-1
-1
-1
-1
-1
-1
-1
-1
-1
-1
-1
-1
-1
-1
-1
-1
-1
-1
-1
-1
-1
-1
-1
-1
-1
-1
-1
-1
-1
-1
-1
-1
-1
-1
-1
-1
-1
-1
-1
-1
-1
-1
-1
-1
-1
-1
-1
-1
-1
-1
-1
-1
-1
-1
-1
-1
-1
-1
-1
-1
-1
-1
-1
-1
-1
-1
-1
-1
-1
-1
-1
-1
-1
-1
-1
-1
-1
-1
-1
-1
-1
-1
-1
-1
-1
-1
-1
-1
-1
-1
-1
-1
-1
-1
-1
-1
-1
-1
-1
-1
-1
-1
-1
-1
-1
-1
-1
-1
-1
-1
-1
-1
-1
-1
-1
-1
-1
-1
-1
-1
-1
-1
-1
-1
-1
-1
-1
-1
-1
-1
-1
-1
-1
-1
-1
-1
-1
-1
-1
-1
-1
-1
-1
-1
-1
-1
-1
-1
-1
-1
-1
-1
-1
-1
-1
-1
-1
-1
-1
-1
-1
-1
-1
-1
-1
-1
-1
-1
-1
-1
-1
-1
-1
-1
-1
-1
-1
-1
-1
-1
-1
-1
-1
-1
-1
-1
-1
-1
-1
-1
-1
-1
-1
-1
-1
-1
-1
-1
-1
-1
-1
-1
-1
-1
-1
-1
-1
-1
-1
-1
-1
-1
-1
-1
-1
-1
-1
-1
-1
-1
-1
-1
-1
-1
-1
-1
-1
-1
-1
-1
-1
-1
-1
-1
-1
-1
-1
-1
-1
-1
-1
-1
-1
-1
-1
-1
-1
-1
-1
-1
-1
-1
-1
-1
-1
-1
-1
-1
-1
-1
-1
-1
-1
-1
-1
-1
-1
-1
-1
-1
-1
-1
-1
-1
-1
-1
-1
-1
-1
-1
-1
-1
-1
-1
-1
-1
-1
-1
-1
-1
-1
-1
-1
-1
-1
-1
-1
-1
-1
-1
-1
-1
-1
-1
-1
-1
-1
-1
-1
-1
-1
-1
-1
-1
-1
-1
-1
-1
-1
-1
-1
-1
-1
-1
-1
-1
-1
-1
-1
-1
-1
-1
-1
-1
-1
-1
-1
-1
-1
-1
-1
-1
-1
-1
-1
-1
-1
-1
-1
-1
-1
-1
-1
-1
-1
-1
-1
-1
-1
-1
-1
-1
-1
-1
-1
-1
-1
-1
-1
-1
-1
-1
-1
-1
-1
-1
-1
-1
-1
-1
-1
-1
-1
-1
-1
-1
-1
-1
-1
-1
-1
-1
-1
-1
-1
-1
-1
-1
-1
-1
-1
-1
-1
-1
-1
-1
-1
-1
-1
-1
-1
-1
-1
-1
-1
-1
-1
-1
-1
-1
-1
-1
-1
-1
-1
-1
-1
-1
-1
-1
-1
-1
-1
-1
-1
-1
-1
-1
-1
-1
-1
-1
-1
-1
-1
-1
-1
-1
-1
-1
-1
-1
-1
-1
-1
-1
-1
-1
-1
-1
-1
-1
-1
-1
-1
-1
-1
-1
-1
-1
-1
-1
-1
-1
-1
-1
-1
-1
-1
-1
-1
-1
-1
-1
-1
-1
-1
-1
-1
-1
-1
-1
-1
-1
-1
-1
-1
-1
-1
-1
-1
-1
-1
-1
-1
-1
-1
-1
-1
-1
-1
-1
-1
-1
-1
-1
-1
-1
-1
-1
-1
-1
-1
-1
-1
-1
-1
-1
-1
-1
-1
-1
-1
-1
-1
-1
-1
-1
-1
-1
-1
-1
-1
-1
-1
-1
-1
-1
-1
-1
-1
-1
-1
-1
-1
-1
-1
-1
-1
-1
-1
-1
-1
-1
-1
-1
-1
-1
-1
-1
-1
-1
-1
-1
-1
-1
-1
-1
-1
-1
-1
-1
-1
-1
-1
-1
-1
-1
-1
-1
-1
-1
-1
-1
-1
-1
-1
-1
-1
-1
-1
-1
-1
-1
-1
-1
-1
-1
-1
-1
-1
-1
-1
-1
-1
-1
-1
-1
-1
-1
-1
-1
-1
-1
-1
-1
-1
-1
-1
-1
-1
-1
-1
-1
-1
-1
-1
-1
-1
-1
-1
-1
-1
-1
-1
-1
-1
-1
-1
-1
-1
-1
-1
-1
-1
-1
-1
-1
-1
-1
-1
-1
-1
-1
-1
-1
-1
-1
-1
-1
-1
-1
-1
-1
-1
-1
-1
-1
-1
-1
-1
-1
-1
-1
-1
-1
-1
-1
-1
-1
-1
-1
-1
-1
-1
-1
-1
-1
-1
-1
-1
-1
-1
-1
-1
-1
-1
-1
-1
-1
-1
-1
-1
-1
-1
-1
-1
-1
-1
-1
-1
-1
-1
-1
-1
-1
-1
-1
-1
-1
-1
-1
-1
-1
-1
-1
-1
-1
-1
-1
-1
-1
-1
-1
-1
-1
-1
-1
-1
-1
-1
-1
-1
-1
-1
-1
-1
-1
-1
-1
-1
-1
-1
-1
-1
-1
-1
-1
-1
-1
-1
-1
-1
-1
-1
-1
-1
-1
-1
-1
-1
-1
-1
-1
-1
-1
-1
-1
-1
-1
-1
-1
-1
-1
-1
-1
-1
-1
-1
-1
-1
-1
-1
-1
-1
-1
-1
-1
-1
-1
-1
-1
-1
-1
-1
-1
-1
-1
-1
-1
-1
-1
-1
-1
-1
-1
-1
-1
-1
-1
-1
-1
-1
-1
-1
-1
-1
-1
-1
-1
-1
-1
-1
-1
-1
-1
-1
-1
-1
-1
-1
-1
-1
-1
-1
-1
-1
-1
-1
-1
-1
-1
-1
-1
-1
-1
-1
-1
-1
-1
-1
-1
-1
-1
-1
-1
-1
-1
-1
-1
-1
-1
-1
-1
-1
-1
-1
-1
-1
-1
-1
-1
-1
-1
-1
-1
-1
-1
-1
-1
-1
-1
-1
-1
-1
-1
-1
-1
-1
-1
-1
-1
-1
-1
-1
-1
-1
-1
-1
-1
-1
-1
-1
-1
-1
-1
-1
-1
-1
-1
-1
-1
-1
-1
-1
-1
-1
-1
-1
-1
-1
-1
-1
-1
-1
-1
-1
-1
-1
-1
-1
-1
-1
-1
-1
-1
-1
-1
-1
-1
-1
-1
-1
-1
-1
-1
-1
-1
-1
-1
-1
-1
-1
-1
-1
-1
-1
-1
-1
-1
-1
-1
-1
-1
-1
-1
-1
-1
-1
-1
-1
-1
-1
-1
-1
-1
-1
-1
-1
-1
-1
-1
-1
-1
-1
-1
-1
-1
-1
-1
-1
-1
-1
-1
-1
-1
-1
-1
-1
-1
-1
-1
-1
-1
-1
-1
-1
-1
-1
-1
-1
-1
-1
-1
-1
-1
-1
-1
-1
-1
-1
-1
-1
-1
-1
-1
-1
-1
-1
-1
-1
-1
-1
-1
-1
-1
-1
-1
-1
-1
-1
-1
-1
-1
-1
-1
-1
-1
-1
-1
-1
-1
-1
-1
-1
-1
-1
-1
-1
-1
-1
-1
-1
-1
-1
-1
-1
-1
-1
-1
-1
-1
-1
-1
-1
-1
-1
-1
-1
-1
-1
-1
-1
-1
-1
-1
-1
-1
-1
-1
-1
-1
-1
-1
-1
-1
-1
-1
-1
-1
-1
-1
-1
-1
-1
-1
-1
-1
-1
-1
-1
-1
-1
-1
-1
-1
-1
-1
-1
-1
-1
-1
-1
-1
-1
-1
-1
-1
-1
-1
-1
-1
-1
-1
-1
-1
-1
-1
-1
-1
-1
-1
-1
-1
-1
-1
-1
-1
-1
-1
-1
-1
-1
-1
-1
-1
-1
-1
-1
-1
-1
-1
-1
-1
-1
-1
-1
-1
-1
-1
-1
-1
-1
-1
-1
-1
-1
-1
-1
-1
-1
-1
-1
-1
-1
-1
-1
-1
-1
-1
-1
-1
-1
-1
-1
-1
-1
-1
-1
-1
-1
-1
-1
-1
-1
-1
-1
-1
-1
-1
-1
-1
-1
-1
-1
-1
-1
-1
-1
-1
-1
-1
-1
-1
-1
-1
-1
-1
-1
-1
-1
-1
-1
-1
-1
-1
-1
-1
-1
-1
-1
-1
-1
-1
-1
-1
-1
-1
-1
-1
-1
-1
-1
-1
-1
)


// ************************************************************************* //
