/*--------------------------------*- C++ -*----------------------------------*\
| =========                 |                                                 |
| \\      /  F ield         | OpenFOAM: The Open Source CFD Toolbox           |
|  \\    /   O peration     | Version:  2412                                  |
|   \\  /    A nd           | Website:  www.openfoam.com                      |
|    \\/     M anipulation  |                                                 |
\*---------------------------------------------------------------------------*/
FoamFile
{
    version     2.0;
    format      ascii;
    arch        "LSB;label=32;scalar=64";
    class       labelList;
    location    "constant/polyMesh";
    object      owner;
}
// * * * * * * * * * * * * * * * * * * * * * * * * * * * * * * * * * * * * * //


7356
(
314
0
314
0
315
0
262
315
537
316
1
538
316
316
317
263
317
538
264
318
2
318
318
539
319
264
319
320
320
264
320
3
321
3
3
321
4
322
4
4
5
323
5
5
539
324
324
6
7
324
7
7
8
325
325
8
325
9
9
9
326
326
265
10
326
11
11
11
327
327
12
12
328
328
13
328
329
14
329
15
330
15
15
330
16
330
16
16
17
331
17
17
18
331
332
18
19
332
19
19
20
332
333
20
333
21
21
21
334
335
22
22
336
23
23
23
336
336
24
24
337
337
25
337
338
26
338
27
338
27
27
339
28
339
28
28
29
340
29
29
30
340
340
30
31
341
31
31
32
341
342
32
342
33
33
33
342
343
34
34
343
35
35
35
344
344
36
36
344
345
37
345
346
38
347
39
348
39
39
348
40
348
40
40
41
349
41
41
42
349
349
42
43
350
43
43
44
350
350
44
351
45
45
45
351
352
46
46
352
47
47
47
352
540
48
48
265
354
49
354
354
50
355
51
355
51
51
356
52
356
52
52
53
356
53
53
54
265
540
54
55
358
55
55
56
541
360
56
360
57
57
57
266
266
58
58
542
59
59
59
267
267
60
60
543
363
61
363
364
62
364
63
364
63
63
365
64
365
64
64
65
366
65
65
66
366
366
66
67
367
67
67
68
367
368
68
368
69
69
69
369
369
70
70
370
71
71
71
370
371
72
72
371
372
73
372
373
74
543
268
268
543
373
374
374
269
269
270
544
544
375
270
375
271
376
376
75
376
75
377
544
377
378
271
272
545
545
378
76
378
76
379
379
272
380
77
273
546
273
546
380
381
547
274
381
547
548
78
382
382
78
79
383
79
79
383
384
80
80
384
385
81
81
385
275
386
548
386
82
387
82
387
83
83
388
388
276
84
388
85
85
389
389
86
86
87
390
390
87
88
390
88
88
89
391
391
89
90
392
90
90
392
393
91
91
393
394
92
92
394
93
395
93
395
94
396
94
396
95
95
397
397
96
96
398
97
97
398
399
98
98
99
399
400
99
100
400
100
100
101
400
401
101
102
401
102
102
402
402
103
103
402
403
104
104
403
105
404
105
404
106
405
106
405
107
107
406
406
108
108
407
109
109
407
408
110
110
111
408
409
111
112
409
112
112
113
410
410
113
114
411
114
114
411
412
115
115
412
412
116
116
413
117
413
117
414
118
414
118
414
119
119
415
415
120
120
416
121
121
416
417
122
122
123
417
418
123
124
418
124
124
125
419
419
125
126
420
126
126
420
421
127
127
421
422
128
128
422
129
423
129
549
130
424
130
424
131
131
276
276
549
277
550
132
132
277
277
550
551
133
133
278
278
134
134
135
551
425
135
136
425
136
136
137
426
426
137
138
427
138
138
279
279
139
139
552
552
280
280
428
140
140
428
141
429
141
429
142
430
142
430
143
143
553
431
144
144
281
281
282
554
145
145
555
282
146
146
432
283
555
283
284
555
433
556
284
285
556
285
556
557
435
286
435
436
557
436
558
287
558
288
436
147
437
437
147
148
438
438
148
559
438
439
439
149
440
440
288
288
559
289
560
441
289
289
290
441
442
150
150
442
151
151
151
443
443
560
290
444
444
152
152
445
153
445
153
446
154
446
154
155
447
155
290
447
448
156
157
448
157
158
448
449
158
449
450
159
159
450
160
160
160
450
451
161
161
451
162
162
162
452
452
163
163
453
453
164
164
454
165
454
165
455
166
455
166
167
456
167
168
456
457
168
169
457
169
170
458
458
170
459
459
171
171
460
172
172
172
460
460
173
173
461
174
174
174
461
462
175
175
462
462
176
176
463
177
463
177
464
178
464
178
179
465
179
180
465
466
180
181
466
181
182
467
467
182
468
468
183
183
469
184
184
184
469
470
185
185
470
186
186
186
471
471
187
187
472
472
188
188
472
189
473
189
473
190
474
190
191
474
191
192
474
475
192
193
475
193
194
476
476
194
477
477
195
195
478
196
196
196
478
479
197
197
479
198
198
198
480
480
199
199
481
481
200
200
482
201
482
201
483
202
483
202
203
484
203
204
484
484
204
205
485
205
206
485
486
206
486
486
207
207
487
208
208
208
487
488
209
209
488
210
210
210
489
489
211
211
490
490
212
212
491
213
491
213
492
214
492
214
215
493
215
216
493
494
216
217
494
217
218
495
291
218
496
561
561
291
292
496
562
292
292
293
562
563
293
563
294
294
294
564
564
295
295
565
296
296
296
566
567
297
297
567
567
298
299
300
569
300
300
497
301
570
301
301
302
302
302
303
303
304
304
498
304
498
499
499
219
500
305
500
571
220
501
221
501
221
221
502
502
305
306
306
306
572
307
307
308
503
308
308
309
309
222
222
573
223
223
310
574
311
312
312
312
313
313
504
313
224
505
314
224
225
507
225
507
507
226
508
508
227
508
228
509
228
228
509
229
510
229
229
510
511
230
230
511
231
231
512
512
232
232
513
233
233
234
513
514
234
235
514
235
236
515
515
236
237
516
237
516
517
238
518
519
239
519
240
519
240
240
520
241
520
241
241
520
521
242
242
521
243
243
522
522
244
244
523
245
245
246
523
524
246
247
524
247
248
525
525
248
249
526
249
526
527
250
527
528
251
528
252
529
252
252
530
253
531
253
253
531
531
254
254
532
255
255
532
532
256
256
533
257
257
258
533
534
258
259
534
259
260
535
535
260
261
536
261
536
537
1
1
6
2
2
10
13
6
10
353
353
357
357
359
361
361
362
362
75
76
77
78
80
79
83
82
84
423
424
426
427
430
431
432
433
434
147
148
149
150
153
151
155
152
156
495
496
220
499
219
568
568
568
569
497
502
570
219
574
220
220
571
222
572
503
226
223
574
504
505
575
224
226
225
506
575
584
585
585
586
586
588
590
590
590
590
591
591
591
592
592
593
593
593
595
596
597
599
599
599
599
600
600
600
600
601
601
601
602
602
602
603
603
604
604
604
604
605
605
606
606
606
607
608
609
611
611
611
612
612
613
613
614
615
615
615
615
616
616
616
617
617
618
620
620
620
620
621
621
621
622
622
622
623
623
624
624
624
625
625
626
626
627
628
628
631
631
631
631
632
632
632
633
633
634
634
636
636
636
637
637
637
638
638
638
639
639
640
640
643
643
643
643
644
644
645
645
646
646
647
648
648
648
649
649
650
652
652
652
653
653
654
654
655
656
656
656
657
657
658
658
659
661
661
661
661
662
662
662
662
663
663
663
664
664
664
665
665
666
666
666
667
667
667
668
668
669
669
670
671
673
673
673
674
674
675
675
676
677
677
677
677
678
678
678
679
679
680
682
682
682
682
683
683
683
684
684
684
684
685
685
685
686
686
687
688
688
689
690
691
693
693
693
693
694
694
695
695
696
696
697
698
698
698
698
699
699
699
700
700
700
701
702
702
705
705
705
705
706
706
706
707
707
708
708
710
710
710
711
711
712
714
714
714
715
715
716
716
717
718
718
718
719
719
720
720
721
723
723
723
723
724
724
724
725
725
725
726
726
727
727
727
727
728
728
728
729
729
730
730
731
731
732
732
733
734
735
737
737
737
737
738
738
738
738
739
739
739
740
740
740
741
741
742
742
742
743
743
743
744
744
745
745
746
746
748
750
750
750
751
751
752
752
753
754
754
755
755
756
756
757
758
758
758
759
759
760
762
762
762
762
763
763
763
763
764
764
764
765
765
765
766
766
767
767
767
767
768
768
769
769
769
770
771
772
773
775
775
775
776
776
777
777
778
779
779
779
780
780
781
781
783
783
783
784
784
785
787
787
787
787
788
788
789
789
790
790
791
792
792
792
792
793
793
793
794
794
794
795
796
796
799
799
799
799
800
800
800
801
801
802
802
803
803
805
805
806
808
808
808
808
809
809
809
810
810
811
811
813
813
813
814
814
814
815
815
815
816
816
817
817
820
820
820
820
821
821
821
822
822
823
823
824
824
826
826
827
829
829
829
829
830
830
830
831
831
831
831
832
832
834
836
836
836
836
837
837
837
838
838
838
838
839
840
841
843
843
843
843
844
844
844
845
845
846
847
847
848
848
850
852
852
852
852
853
853
853
854
854
854
855
855
855
856
856
856
857
857
858
858
858
858
859
859
860
860
860
861
864
864
864
864
865
865
866
866
867
867
868
869
869
869
870
870
871
871
873
873
873
873
874
874
874
875
875
876
876
876
877
877
878
878
878
879
879
880
882
882
882
882
883
883
883
884
884
885
885
887
887
887
888
888
888
889
889
889
890
890
891
892
894
894
894
894
895
895
896
896
897
897
898
899
899
899
900
900
901
903
903
903
904
904
905
905
906
907
907
907
908
908
909
909
910
911
912
914
914
914
914
915
915
915
916
916
916
916
917
917
917
918
918
918
919
920
920
920
921
921
921
922
922
923
923
926
926
926
926
927
927
927
928
928
929
929
931
931
931
932
932
933
933
935
935
935
935
936
936
936
937
937
938
938
938
938
939
939
939
940
940
941
942
944
944
944
944
945
945
946
946
947
947
948
949
949
949
949
950
950
950
951
951
951
952
953
954
956
956
956
956
957
957
957
958
958
959
959
961
961
961
962
962
963
965
965
965
966
966
967
967
968
969
969
969
970
970
971
971
972
973
973
976
976
976
976
977
977
977
978
978
978
978
979
979
979
980
980
980
981
982
982
982
983
983
983
984
984
985
985
988
988
988
988
989
989
989
990
990
991
991
992
992
994
994
995
995
997
997
997
997
998
998
998
999
999
999
1000
1000
1000
1001
1001
1001
1002
1002
1003
1003
1003
1003
1004
1004
1005
1005
1005
1006
1009
1009
1009
1009
1010
1010
1010
1011
1011
1012
1012
1013
1013
1015
1015
1016
1016
1018
1018
1018
1018
1019
1019
1019
1020
1020
1020
1021
1021
1021
1022
1022
1023
1023
1023
1023
1024
1024
1024
1025
1025
1026
1027
1027
1028
1029
1029
1032
1032
1032
1032
1033
1033
1034
1034
1035
1035
1036
1037
1037
1037
1037
1038
1038
1038
1039
1039
1039
1040
1041
1042
1043
1045
1045
1045
1045
1046
1046
1047
1047
1048
1048
1049
1050
1050
1051
1051
1052
1052
1054
1054
1055
1057
1057
1057
1057
1058
1058
1058
1059
1059
1060
1060
1062
1062
1062
1063
1063
1063
1064
1064
1064
1065
1065
1066
1066
1068
1070
1070
1070
1070
1071
1071
1071
1072
1072
1073
1073
1075
1075
1076
1076
1077
576
576
576
576
577
577
577
577
577
578
578
1077
579
1079
580
1079
581
1080
583
583
583
583
584
584
584
584
315
317
319
593
594
595
596
321
322
322
323
323
6
8
10
327
12
13
13
14
14
329
331
18
333
20
334
334
335
335
22
24
25
25
26
26
339
30
341
32
343
34
36
37
345
37
38
346
346
38
347
347
42
44
351
46
48
353
49
49
50
50
355
357
54
358
358
359
359
56
58
60
61
846
847
848
849
61
363
62
62
365
66
68
369
369
70
370
370
72
73
372
73
74
74
374
375
377
626
627
77
381
641
381
382
382
78
384
659
386
660
82
82
387
84
86
389
87
89
393
393
394
394
93
93
94
396
94
96
398
98
399
99
101
401
105
105
106
405
106
405
406
108
406
110
408
111
410
113
411
117
413
117
118
118
120
122
417
417
418
123
418
125
420
422
129
129
423
130
130
132
862
134
135
137
427
427
880
881
141
429
141
142
142
431
144
146
909
910
434
435
688
689
437
149
439
439
440
440
703
150
721
722
152
444
152
446
447
156
158
449
159
451
451
161
452
452
163
163
164
164
456
168
170
458
459
171
173
461
175
175
176
176
463
463
464
464
180
182
468
183
185
470
471
187
187
188
188
473
192
475
475
476
476
194
195
197
199
480
199
200
200
482
483
204
485
206
207
487
487
488
488
209
211
211
212
212
492
216
494
495
218
924
746
747
497
497
771
772
942
943
220
220
221
501
221
797
503
222
818
971
972
224
506
507
507
508
508
228
509
228
229
229
230
511
232
513
234
236
515
519
519
240
240
520
241
520
241
242
521
244
523
246
248
525
527
252
252
253
531
253
531
254
532
532
256
533
258
535
260
537
264
264
539
265
265
266
543
268
543
544
270
544
545
272
547
276
276
549
277
277
278
551
280
282
555
555
284
556
556
557
559
561
291
293
563
295
567
297
567
298
298
568
299
568
299
569
986
303
305
571
307
1007
309
310
310
311
311
1041
1042
1066
1067
0
1
579
580
581
2
586
587
588
597
598
360
361
832
833
834
362
839
840
841
850
851
608
609
618
75
628
629
630
76
77
891
892
901
432
911
912
670
913
671
433
434
680
690
691
692
147
148
149
732
733
734
735
736
748
760
773
785
219
953
954
963
973
974
975
504
505
506
1027
1028
1029
1030
1031
1043
1055
1068
1080
575
0
2
318
589
319
320
3
321
4
324
325
9
10
11
12
15
330
16
331
332
333
21
22
336
23
24
337
27
28
342
33
34
343
35
344
36
345
39
348
40
349
45
46
47
48
354
355
51
356
52
357
360
57
58
59
362
60
842
63
64
69
70
71
72
672
681
435
436
147
437
438
704
441
713
150
442
151
153
154
447
448
449
159
450
160
161
162
453
454
165
166
459
171
460
172
173
461
174
462
177
178
465
466
183
184
185
186
471
472
189
473
190
474
477
195
478
196
197
198
201
483
202
484
485
486
207
208
209
210
489
490
213
214
495
496
925
934
498
499
955
964
504
288
289
294
295
296
297
300
301
306
307
308
309
312
313
367
368
371
372
373
374
75
76
379
77
380
383
80
384
81
385
386
83
84
85
86
391
392
91
92
395
396
95
397
96
398
97
98
103
104
403
404
107
108
407
109
408
110
409
410
115
116
119
415
120
416
121
122
419
420
127
421
128
422
131
132
133
134
425
426
139
140
428
429
430
143
431
144
145
146
432
433
434
749
761
219
798
807
222
223
226
227
509
510
511
230
231
512
232
233
238
517
518
239
521
242
243
522
244
523
245
524
250
251
529
530
254
255
256
533
257
534
535
536
262
263
541
266
542
267
268
269
545
546
274
547
275
548
278
279
280
553
281
554
286
557
287
558
559
560
565
566
569
570
987
996
573
574
1044
1056
575
0
315
1
316
582
317
3
4
5
6
324
7
8
325
326
327
328
329
15
16
17
18
19
20
336
337
338
27
339
28
29
340
30
31
341
32
39
348
40
41
349
42
43
350
44
351
352
353
51
52
53
54
55
56
360
361
835
363
364
63
365
64
65
366
66
367
67
68
368
610
619
375
376
75
377
378
379
380
642
651
78
79
80
81
387
388
389
87
390
88
391
89
392
90
91
92
399
99
400
100
101
401
102
402
103
403
104
404
111
112
113
114
411
115
412
116
413
414
415
416
123
124
125
126
127
128
423
424
863
872
135
425
136
426
137
138
139
140
893
902
432
147
148
149
441
442
443
444
445
153
446
154
155
156
157
158
453
454
165
455
166
167
456
168
457
169
458
170
177
178
179
465
180
466
181
467
182
468
469
470
189
190
191
192
193
194
477
478
479
480
481
482
201
202
203
204
205
206
489
490
491
213
492
214
215
493
216
494
217
218
774
786
498
219
499
500
501
502
503
819
828
504
505
224
506
225
226
227
513
234
514
235
515
236
237
516
517
238
518
239
246
247
525
248
249
526
250
527
251
528
529
530
258
259
260
261
262
537
263
538
539
540
541
542
270
271
272
273
274
275
549
550
551
552
553
554
282
283
284
285
286
287
288
289
290
291
561
292
562
293
563
564
565
566
300
301
302
303
304
305
571
572
1008
1017
573
574
312
313
1069
314
1081
575
1896
1082
1082
1082
1082
1897
1083
1083
1083
1897
1084
1084
1084
1084
1897
1085
1085
1085
1898
1086
1086
1898
1087
1087
1087
1899
1088
1899
1089
1089
1089
1900
1090
1090
1090
1900
1091
1091
1901
1092
1092
1901
1093
1902
1094
1094
1094
1094
1902
1095
1095
1095
1902
1096
1096
1096
1096
1903
1097
1097
1097
1903
1098
1098
1098
1903
1099
1099
1904
1100
1904
1101
1101
1905
1102
1905
1103
1103
1103
1906
1104
1104
1104
1906
1105
1105
1105
1907
1106
1106
1106
1907
1107
1107
1107
1908
1108
1108
1908
1109
1908
1110
1110
1909
1111
1909
1112
1112
1112
1909
1113
1113
1113
1910
1114
1114
1910
1115
1911
1116
1116
1911
1117
1911
1118
1118
1118
1912
1119
1119
1119
1912
1120
1120
1120
1913
1121
1121
1121
1913
1122
1122
1122
1913
1123
1123
1123
1914
1124
1124
1124
1914
1125
1125
1915
1126
1126
1126
1915
1127
1916
1128
1128
1916
1129
1129
1917
1130
1917
1131
1918
1132
1132
1918
1133
1919
1134
1134
1134
1919
1135
1135
1135
1920
1136
1136
1136
1920
1137
1137
1137
1920
1138
1138
1138
1921
1139
1139
1139
1921
1140
1140
1921
1141
1922
1142
1142
1922
1143
1922
1144
1144
1144
1923
1145
1145
1145
1923
1146
1146
1146
1924
1147
1147
1924
1148
1924
1149
1149
1925
1150
1925
1151
1151
1151
1926
1152
1152
1152
1926
1153
1153
1153
1927
1154
1154
1927
1155
1155
1928
1156
1156
1928
1157
1157
1929
1158
1929
1159
1930
1160
1160
1160
1160
1930
1161
1161
1931
1162
1931
1163
1163
1163
1932
1164
1164
1164
1932
1165
1165
1165
1932
1166
1166
1166
1933
1167
1167
1167
1933
1168
1168
1168
1933
1169
1169
1934
1170
1170
1934
1171
1171
1171
1935
1172
1172
1935
1173
1173
1173
1936
1174
1936
1175
1175
1937
1176
1937
1177
1177
1938
1178
1178
1178
1938
1179
1179
1179
1938
1180
1180
1180
1939
1181
1181
1939
1182
1182
1182
1940
1183
1183
1940
1184
1184
1184
1941
1185
1185
1941
1186
1186
1941
1187
1187
1941
1188
1188
1942
1189
1189
1942
1190
1190
1190
1942
1191
1191
1943
1192
1192
1943
1193
1193
1943
1194
1194
1944
1195
1195
1944
1196
1196
1944
1197
1197
1945
1198
1198
1945
1199
1199
1945
1200
1200
1946
1201
1201
1946
1202
1202
1947
1203
1203
1947
1204
1204
1948
1205
1205
1948
1206
1206
1949
1207
1207
1949
1208
1208
1949
1209
1209
1950
1210
1210
1950
1211
1211
1951
1212
1212
1951
1213
1213
1952
1214
1214
1952
1215
1215
1953
1216
1216
1953
1217
1217
1953
1218
1218
1954
1219
1219
1954
1220
1220
1954
1221
1221
1955
1222
1222
1955
1223
1223
1955
1224
1224
1956
1225
1225
1956
1226
1226
1957
1227
1227
1957
1228
1228
1957
1229
1229
1958
1230
1230
1958
1231
1231
1958
1232
1232
1959
1233
1233
1959
1234
1234
1960
1235
1235
1960
1236
1236
1961
1237
1237
1961
1238
1238
1962
1239
1239
1962
1240
1240
1963
1241
1241
1963
1242
1242
1964
1243
1243
1964
1244
1244
1965
1245
1245
1965
1246
1246
1966
1247
1247
1966
1248
1248
1967
1249
1249
1967
1250
1250
1968
1251
1251
1968
1252
1252
1969
1253
1253
1969
1254
1254
1970
1255
1255
1970
1256
1971
1257
1257
1971
1258
1258
1972
1259
1259
1972
1260
1260
1973
1261
1261
1973
1262
1262
1974
1263
1263
1974
1264
1975
1265
1975
1266
1266
1976
1267
1267
1976
1268
1977
1269
1269
1269
1977
1270
1978
1271
1271
1978
1272
1272
1272
1272
1979
1273
1273
1273
1979
1274
1274
1980
1275
1275
1275
1980
1276
1276
1276
1981
1277
1277
1277
1277
1981
1278
1278
1982
1279
1279
1279
1982
1280
1983
1281
1281
1281
1983
1282
1282
1984
1283
1283
1283
1984
1284
1284
1985
1285
1285
1285
1985
1286
1286
1286
1986
1287
1986
1288
1288
1987
1289
1289
1289
1987
1290
1290
1988
1291
1291
1988
1292
1292
1292
1989
1293
1293
1989
1294
1294
1294
1990
1295
1990
1296
1296
1991
1297
1297
1297
1991
1298
1992
1299
1299
1299
1992
1300
1993
1301
1301
1301
1993
1302
1994
1303
1303
1994
1304
1304
1995
1305
1305
1995
1306
1306
1996
1307
1307
1996
1308
1308
1997
1309
1309
1997
1310
1310
1998
1311
1311
1311
1998
1312
1999
1313
1313
1313
1999
1314
2000
1315
1315
1315
2000
1316
2001
1317
1317
1317
2001
1318
2002
1319
1319
2002
1320
1320
2003
1321
1321
2003
1322
1322
2004
1323
1323
2004
1324
1324
2005
1325
1325
2005
1326
1326
1326
2006
1327
2006
1328
1328
1328
2007
1329
2007
1330
1330
2008
1331
1331
2008
1332
1332
1332
2009
1333
2009
1334
1334
1334
2010
1335
2010
1336
1336
2011
1337
1337
2011
1338
1338
2012
1339
1339
1339
2012
1340
1340
2013
1341
2013
1342
1342
1342
2014
1343
2014
1344
1344
2015
1345
1345
2015
1346
1346
2016
1347
1347
2016
1348
1348
2017
1349
1349
2017
1350
1350
1350
2018
1351
2019
1352
1352
1352
2020
1353
2020
1354
2021
1355
1355
1355
2022
1356
2022
1357
1357
2023
2023
1359
1359
2024
1360
1360
2024
1361
1361
2025
1362
1362
2025
1363
2025
1364
1364
2025
1365
1365
2026
1366
1366
2026
1367
1367
1367
2026
1368
2027
1369
1369
1369
2027
1370
2027
1371
1371
1371
2028
1372
2028
1373
1373
1373
1373
2028
1374
1374
1374
2028
1375
1375
1375
2029
1376
1376
2029
1377
1377
2029
1378
2030
1379
1379
2030
1380
2030
1381
2031
1382
1382
2031
1383
1383
2031
1384
2032
1385
1385
2032
1386
1386
1386
1386
2033
1387
1387
1387
2033
1388
1388
1388
2033
1389
1389
2034
1390
1390
1390
2034
1391
1391
2035
1392
1392
2035
1393
1393
1393
2035
1394
1394
2036
1395
2036
1396
2037
1397
2037
1398
1398
2038
1399
2038
1400
2039
1401
2039
1402
1402
1402
2040
1403
1403
2040
1404
1404
1404
2040
1405
1405
2041
1406
1406
1406
2041
1407
1407
1407
2041
1408
1408
2042
1409
1409
2042
1410
2042
1411
2043
1412
2043
1413
2044
1414
2044
1415
2044
1416
2045
1417
2045
1418
1418
1418
2046
1419
1419
2046
1420
1420
1420
2047
1421
1421
1421
2047
1422
1422
2048
1423
1423
2048
1424
2049
1425
1425
1425
2049
1426
1426
2050
1427
2050
1428
2051
1429
2051
1430
2052
1431
2052
1432
2052
1433
1433
1433
2053
1434
1434
2053
1435
2053
1436
1436
1436
2054
1437
1437
2054
1438
2055
1439
1439
1439
2055
1440
2055
1441
1441
2056
1442
1442
1442
2056
1443
2057
1444
1444
2057
1445
2057
1446
2058
1447
2058
1448
1448
1448
2059
1449
1449
2059
1450
2060
1451
1451
2060
1452
2061
1453
2061
1454
2062
2062
1456
2063
1457
1457
1457
2063
1458
1458
2064
2064
1460
1460
1460
2064
1461
1461
2065
1462
2065
1463
2065
1464
2066
1465
1465
2066
1466
1466
2067
1467
2067
1468
1468
2068
1469
1469
1469
2068
1470
1470
2069
1471
1471
2069
1472
1472
2070
1473
2070
1474
1474
1474
2070
1475
1475
2071
1476
1476
2071
1477
2071
1478
2072
1479
2072
1480
1480
2073
1481
2073
1482
2074
1483
1483
2074
1484
2075
1485
2075
1486
1486
2076
1487
2076
1488
2076
2077
1490
1490
2077
1491
2077
1492
1492
2078
1493
2078
1494
1494
1494
1494
2079
1495
1495
1495
2079
1496
1496
2080
1497
2080
1498
1498
2081
1499
1499
1499
2081
1500
1500
2082
1501
2082
1502
1502
2082
1503
2083
2083
1505
1505
1505
1505
2083
1506
1506
1506
2084
1507
1507
2084
1508
2085
1509
1509
2085
1510
1510
1510
2085
1511
1511
2086
1512
2086
1513
1513
2087
1514
2087
2088
1516
1516
2088
1517
1517
2089
1518
1518
1518
2089
1519
1519
1519
2090
1520
1520
2090
2091
1522
2091
1523
1523
2092
1524
1524
2093
1525
1525
2094
1526
1526
2094
1527
1527
1527
2094
1528
1528
1528
2095
1529
2095
1530
2095
1531
1531
2096
1532
2096
1533
1533
2096
1534
1534
2097
1535
1535
2097
1536
1536
1536
2097
1537
2098
1538
2098
1539
2098
1540
1540
1540
2099
1541
1541
2099
1542
1542
2100
1543
1543
2100
1544
2101
1545
2101
1546
2102
1547
1547
2102
1548
1548
2103
1549
1549
2103
1550
1550
2104
1551
1551
2104
1552
1552
2105
1553
1553
2105
1554
1554
2105
1555
1555
1555
2106
1556
1556
2106
2107
1558
2107
1559
1559
1559
2108
1560
1560
2108
1561
1561
2109
1562
1562
2109
1563
2110
1564
1564
2110
2111
1566
1566
2111
1567
1567
2112
1568
1568
2112
1569
1569
2112
1570
1570
2113
1571
1571
2113
1572
1572
1572
1572
2114
1573
1573
1573
2114
1574
1574
1574
1574
2114
1575
1575
1575
2115
1576
1576
1576
2115
1577
1577
1577
2116
1578
1578
1578
2116
1579
1579
2117
1580
1580
1580
2117
1581
1581
1581
1581
2118
1582
1582
1582
2118
1583
1583
2119
1584
1584
2119
1585
1585
2120
1586
1586
2120
1587
1587
1587
2120
1588
1588
2121
1589
1589
1589
2121
1590
1590
2122
1591
1591
2122
1592
1592
2123
1593
1593
2123
1594
1594
2124
1595
1595
1595
2124
1596
1596
2125
1597
1597
2125
1598
1598
1598
2126
1599
1599
1599
2126
1600
1600
1600
2127
1601
1601
2127
1602
1602
2128
1603
1603
2128
1604
1604
2129
1605
1605
2129
1606
1606
2130
1607
1607
2130
1608
1608
2131
1609
1609
1609
2131
1610
1610
1610
2132
1611
1611
1611
2132
1612
1612
1612
2133
1613
1613
2133
1614
1614
2134
1615
1615
2134
1616
1616
2135
1617
1617
2135
1618
1618
2136
1619
1619
1619
2136
1620
1620
2137
1621
1621
1621
2137
1622
1622
2138
1623
1623
1623
2138
1624
1624
2139
1625
1625
2139
1626
1626
2140
1627
1627
2140
1628
1628
2141
1629
1629
2141
1630
1630
1630
2142
1631
1631
1631
2142
1632
1632
2143
1633
1633
2143
1634
1634
2144
1635
1635
2144
1636
1636
1636
2145
1637
1637
1637
2145
1638
1638
1638
1638
2146
1639
1639
1639
2146
1640
1640
1640
2147
1641
1641
1641
2147
1642
1642
2148
1643
1643
2148
1644
1644
1644
2149
1645
1645
2149
1646
1646
2150
1647
1647
2150
1648
1648
2151
1649
1649
2151
1650
1650
2152
1651
1651
1651
2152
1652
1652
2153
1653
1653
1653
2153
1654
1654
2154
1655
1655
2154
1656
1656
2155
1657
1657
2155
1658
1658
2156
1659
1659
2156
1660
1660
2157
1661
1661
2157
1662
1662
2158
1663
1663
2158
1664
1664
2159
1665
1665
2159
1666
1666
2160
1667
1667
2160
1668
1668
2161
1669
1669
2161
1670
1670
2162
1671
1671
2163
1672
1672
2164
1673
1673
2164
1674
1674
2165
1675
1675
2166
1676
1676
2166
1677
1677
2166
1678
1678
2167
1679
1679
2167
1680
1680
2167
1681
1681
2168
1682
1682
2168
1683
1683
2169
1684
1684
2170
1685
1685
2170
1686
1686
2171
1687
1687
2171
1688
1688
2172
1689
1689
2172
1690
1690
2173
1691
1691
2174
1692
1692
2174
1693
1693
2175
1694
1694
2175
1695
1695
2176
1696
1696
2176
1697
1697
2177
1698
1698
2177
1699
2178
1700
2178
1701
1701
2178
1702
1702
2179
1703
1703
2179
1704
2179
1705
1705
2180
1706
1706
2180
1707
1707
2181
1708
1708
2182
1709
1709
2182
1710
1710
2184
1711
1711
2184
1712
1712
2185
1713
1713
2185
1714
1714
1714
2186
1715
1715
1715
2186
1716
1716
2187
1717
2187
1718
1718
2188
1719
2188
1720
1720
1720
2189
1721
1721
1721
2189
1722
1722
2190
1723
2190
1724
2190
2191
1726
1726
2192
1727
2192
1728
1728
1728
1728
2194
1729
1729
1729
2194
1730
1730
1730
2195
1731
1731
1731
2195
1732
1732
2196
1733
1733
2196
1734
1734
1734
1734
2197
1735
1735
1735
2197
1736
1736
1736
2198
1737
1737
1737
2198
1738
1738
1738
2199
1739
1739
2200
1740
1740
1740
2201
1741
1741
2202
1742
1742
1742
2203
1743
1743
2204
1744
1744
2205
1745
1745
2206
1746
1746
2207
1747
1747
2208
1748
1748
2209
1749
1749
1749
2210
1750
1750
1750
2211
1751
1751
1751
2212
1752
1752
1752
2213
1753
1753
2214
1754
1754
2215
1755
1755
2216
1756
1756
2217
1757
1757
2218
1758
1758
2219
1759
1759
2220
1760
1760
2220
1761
1761
1761
2221
1762
1762
1762
2221
1763
1763
1763
2222
1764
1764
1764
2223
1765
1765
2224
1766
1766
2225
1767
1767
2226
1768
1768
2227
1769
1769
2228
1770
1770
2229
1771
1771
2230
1772
1772
2231
1773
1773
1773
2232
1774
1774
1774
2233
1775
1775
2234
1776
1776
1776
2235
1777
1777
2236
1778
1778
1778
2237
1779
1779
2238
1780
1780
2239
1781
1781
2240
1782
1782
2240
1783
1783
1783
2241
1784
1784
2241
1785
1785
1785
2242
1786
1786
2243
1787
1787
2244
1788
1788
2245
1789
1789
2246
1790
1790
2247
1791
1791
1791
2248
1792
1792
1792
2249
1793
1793
1793
2250
1794
1794
2251
1795
1795
2252
1796
1796
2253
1797
1797
2254
1798
1798
2255
1799
1799
2256
1800
1800
2257
1801
2258
1802
2259
1803
1803
1803
2260
1804
1804
2261
1805
1805
2262
1806
1806
1806
2262
1807
1807
1807
2263
1808
1808
1808
2264
1809
1809
2265
1810
1810
2266
1811
1811
2267
1812
1812
2268
1813
1813
2269
1814
1814
2270
1815
1815
1815
2271
1816
1816
1816
2272
1817
1817
2273
1818
1818
2274
1819
1819
2275
1820
1820
2276
1821
1821
2277
1822
1822
2278
1823
1823
2279
1824
1824
1824
2280
1825
1825
2281
1826
1826
2282
1827
1827
2283
1828
1828
2284
1829
1829
2285
1830
1830
2286
1831
1831
2287
1832
1832
2288
1833
1833
2288
1834
1834
2289
1835
1835
2289
1836
1836
2290
1837
1837
2291
1838
1838
2292
1839
1839
2293
1840
1840
2294
1841
1841
2295
1842
1842
2296
1843
1843
2297
1844
1844
2298
1845
1845
2299
1846
1846
2300
1847
1847
2301
1848
1848
2302
1849
1849
2303
1850
1850
2304
1851
1851
2305
1852
1852
2306
1853
1853
2307
1854
1854
2308
1855
1855
2309
1856
1856
2310
1857
1857
2310
1858
1858
2311
1859
1859
2312
1860
1860
2313
1861
1861
2314
1862
1862
2315
1863
2316
1864
1864
2317
1865
2318
1866
1866
2319
1867
1867
2320
1868
1868
2321
1869
2322
1870
1870
2323
1871
1871
2324
1872
1872
2325
1873
1873
2326
1874
1874
2327
1875
1875
2328
1876
1876
2328
1877
1877
2329
1878
1878
2330
1879
1879
2331
1880
1880
2332
1881
1881
2333
1882
1882
2334
1883
1883
2335
1884
1884
1884
1884
2336
1885
1885
1885
1885
2337
1886
1886
1886
2338
1887
1887
1887
1887
2339
1888
1888
1888
2340
1889
1889
2341
1890
1890
1890
2342
1891
1891
1891
2343
1892
1892
2344
1893
1893
2345
1894
1894
1894
1894
2346
1895
1895
2347
1896
1082
1083
1084
1085
1086
1087
1088
1089
1090
1091
1092
1093
1094
1095
1096
1097
1098
1099
1100
1101
1102
1103
1104
1105
1106
1107
1108
1109
1110
1111
1112
1113
1114
1115
1116
1117
1118
1119
1120
1121
1122
1123
1124
1125
1126
1127
1128
1129
1130
1131
1132
1133
1134
1135
1136
1137
1138
1139
1140
1141
1142
1143
1144
1145
1146
1147
1148
1149
1150
1151
1152
1153
1154
1155
1156
1157
1158
1159
1160
1161
1162
1163
1164
1165
1166
1167
1168
1169
1170
1171
1172
1173
1174
1175
1176
1177
1178
1179
1180
1181
1182
1183
1184
1185
1186
1187
1188
1189
1190
1191
1192
1193
1194
1195
1196
1197
1198
1199
1200
1201
1202
1203
1204
1205
1206
1207
1208
1209
1210
1211
1212
1213
1214
1215
1216
1217
1218
1219
1220
1221
1222
1223
1224
1225
1226
1227
1228
1229
1230
1231
1232
1233
1234
1235
1236
1237
1238
1239
1240
1241
1242
1243
1244
1245
1246
1247
1248
1249
1250
1251
1252
1253
1254
1255
1256
1257
1258
1259
1260
1261
1262
1263
1264
1265
1266
1267
1268
1269
1270
1271
1272
1273
1274
1275
1276
1277
1278
1279
1280
1281
1282
1283
1284
1285
1286
1287
1288
1289
1290
1291
1292
1293
1294
1295
1296
1297
1298
1299
1300
1301
1302
1303
1304
1305
1306
1307
1308
1309
1310
1311
1312
1313
1314
1315
1316
1317
1318
1319
1320
1321
1322
1323
1324
1325
1326
1327
1328
1329
1330
1331
1332
1333
1334
1335
1336
1337
1338
1339
1340
1341
1342
1343
1344
1345
1346
1347
1348
1349
1350
1351
1352
1353
1354
1355
1356
1357
1358
1359
1360
1361
1362
1363
1364
1365
1366
1367
1368
1369
1370
1371
1372
1373
1374
1375
1376
1377
1378
1379
1380
1381
1382
1383
1384
1385
1386
1387
1388
1389
1390
1391
1392
1393
1394
1395
1396
1397
1398
1399
1400
1401
1402
1403
1404
1405
1406
1407
1408
1409
1410
1411
1412
1413
1414
1415
1416
1417
1418
1419
1420
1421
1422
1423
1424
1425
1426
1427
1428
1429
1430
1431
1432
1433
1434
1435
1436
1437
1438
1439
1440
1441
1442
1443
1444
1445
1446
1447
1448
1449
1450
1451
1452
1453
1454
1455
1456
1457
1458
1459
1460
1461
1462
1463
1464
1465
1466
1467
1468
1469
1470
1471
1472
1473
1474
1475
1476
1477
1478
1479
1480
1481
1482
1483
1484
1485
1486
1487
1488
1489
1490
1491
1492
1493
1494
1495
1496
1497
1498
1499
1500
1501
1502
1503
1504
1505
1506
1507
1508
1509
1510
1511
1512
1513
1514
1515
1516
1517
1518
1519
1520
1521
1522
1523
1524
1525
1526
1527
1528
1529
1530
1531
1532
1533
1534
1535
1536
1537
1538
1539
1540
1541
1542
1543
1544
1545
1546
1547
1548
1549
1550
1551
1552
1553
1554
1555
1556
1557
1558
1559
1560
1561
1562
1563
1564
1565
1566
1567
1568
1569
1570
1571
2196
2197
2199
2200
2202
2203
2204
2205
2218
2219
2220
2222
2224
2225
2238
2239
2240
2242
2244
2245
2258
2259
2260
2261
2288
2289
2290
2291
2292
2293
2294
2295
2308
2309
2310
2311
2312
2313
2326
2327
2328
2329
2330
2331
2344
2345
2346
2347
2348
2349
2350
2351
2352
2353
2354
2355
1572
1573
1574
1575
1576
1577
1578
1579
1580
1581
1582
1583
1584
1585
1586
1587
1588
1589
1590
1591
1592
1593
1594
1595
1596
1597
1598
1599
1600
1601
1602
1603
1604
1605
1606
1607
1608
1609
1610
1611
1612
1613
1614
1615
1616
1617
1618
1619
1620
1621
1622
1623
1624
1625
1626
1627
1628
1629
1630
1631
1632
1633
1634
1635
1636
1637
1638
1639
1640
1641
1642
1643
1644
1645
1646
1647
1648
1649
1650
1651
1652
1653
1654
1655
1656
1657
1658
1659
1660
1661
1662
1663
1664
1665
1666
1667
1668
1669
1670
1671
1672
1673
1674
1675
1676
1677
1678
1679
1680
1681
1682
1683
1684
1685
1686
1687
1688
1689
1690
1691
1692
1693
1694
1695
1696
1697
1698
1699
1700
1701
1702
1703
1704
1705
1706
1707
1708
1709
1710
1711
1712
1713
1714
1715
1716
1717
1718
1719
1720
1721
1722
1723
1724
1725
1726
1727
2197
2198
2200
2201
2204
2205
2206
2207
2208
2209
2210
2211
2212
2213
2214
2215
2216
2217
2238
2239
2241
2243
2246
2247
2248
2249
2250
2251
2252
2253
2254
2255
2256
2257
2276
2277
2278
2279
2280
2281
2282
2283
2284
2285
2286
2287
2289
2291
2294
2295
2314
2315
2316
2317
2318
2319
2320
2321
2322
2323
2324
2325
2326
2327
2348
2350
2352
2354
1728
1729
1730
1731
1732
1733
1734
1735
1736
1737
1738
1739
1740
1741
1742
1743
1744
1745
1746
1747
1748
1749
1750
1751
1752
1753
1754
1755
1756
1757
1758
1759
1760
1761
1762
1763
1764
1765
1766
1767
1768
1769
1770
1771
1772
1773
1774
1775
1776
1777
1778
1779
1780
1781
1782
1783
1784
1785
1786
1787
1788
1789
1790
1791
1792
1793
1794
1795
1796
1797
1798
1799
1800
1801
1802
1803
1804
1805
1806
1807
1808
1809
1810
1811
1812
1813
1814
1815
1816
1817
1818
1819
1820
1821
1822
1823
1824
1825
1826
1827
1828
1829
1830
1831
1832
1833
1834
1835
1836
1837
1838
1839
1840
1841
1842
1843
1844
1845
1846
1847
1848
1849
1850
1851
1852
1853
1854
1855
1856
1857
1858
1859
1860
1861
1862
1863
1864
1865
1866
1867
1868
1869
1870
1871
1872
1873
1874
1875
1876
1877
1878
1879
1880
1881
1882
1883
2220
2221
2222
2223
2224
2225
2226
2227
2228
2229
2230
2231
2232
2233
2234
2235
2236
2237
2258
2259
2262
2263
2264
2265
2266
2267
2268
2269
2270
2271
2272
2273
2274
2275
2296
2297
2298
2299
2300
2301
2302
2303
2304
2305
2306
2307
2310
2311
2312
2313
2332
2333
2334
2335
2336
2337
2338
2339
2340
2341
2342
2343
2344
2345
2349
2351
2353
2355
1884
1885
1886
1887
1888
1889
1890
1891
1892
1893
1894
1895
1896
1897
1898
1899
1900
1901
1902
1903
1904
1905
1906
1907
1908
1909
1910
1911
1912
1913
1914
1915
1916
1917
1918
1919
1920
1921
1922
1923
1924
1925
1926
1927
1928
1929
1930
1931
1932
1933
1934
1935
1936
1937
1938
1939
1940
1941
1942
1943
1944
1945
1946
1947
1948
1949
1950
1951
1952
1953
1954
1955
1956
1957
1958
1959
1960
1961
1962
1963
1964
1965
1966
1967
1968
1969
1970
1971
1972
1973
1974
1975
1976
1977
1978
1979
1980
1981
1982
1983
1984
1985
1986
1987
1988
1989
1990
1991
1992
1993
1994
1995
1996
1997
1998
1999
2000
2001
2002
2003
2004
2005
2006
2007
2008
2009
2010
2011
2012
2013
2014
2015
2016
2017
2018
2019
2020
2021
2022
2023
2024
2025
2026
2027
2028
2029
2030
2031
2032
2033
2034
2035
2036
2037
2038
2039
2040
2041
2042
2043
2044
2045
2046
2047
2048
2049
2050
2051
2052
2053
2054
2055
2056
2057
2058
2059
2060
2061
2062
2063
2064
2065
2066
2067
2068
2069
2070
2071
2072
2073
2074
2075
2076
2077
2078
2079
2080
2081
2082
2083
2084
2085
2086
2087
2088
2089
2090
2091
2092
2093
2094
2095
2096
2097
2098
2099
2100
2101
2102
2103
2104
2105
2106
2107
2108
2109
2110
2111
2112
2113
2114
2115
2116
2117
2118
2119
2120
2121
2122
2123
2124
2125
2126
2127
2128
2129
2130
2131
2132
2133
2134
2135
2136
2137
2138
2139
2140
2141
2142
2143
2144
2145
2146
2147
2148
2149
2150
2151
2152
2153
2154
2155
2156
2157
2158
2159
2160
2161
2162
2163
2164
2165
2166
2167
2168
2169
2170
2171
2172
2173
2174
2175
2176
2177
2178
2179
2180
2181
2182
2183
2184
2185
2186
2187
2188
2189
2190
2191
2192
2193
2194
2195
2196
2198
2199
2201
2202
2203
2206
2207
2208
2209
2210
2211
2212
2213
2214
2215
2216
2217
2218
2219
2221
2223
2226
2227
2228
2229
2230
2231
2232
2233
2234
2235
2236
2237
2240
2241
2242
2243
2244
2245
2246
2247
2248
2249
2250
2251
2252
2253
2254
2255
2256
2257
2260
2261
2262
2263
2264
2265
2266
2267
2268
2269
2270
2271
2272
2273
2274
2275
2276
2277
2278
2279
2280
2281
2282
2283
2284
2285
2286
2287
2288
2290
2292
2293
2296
2297
2298
2299
2300
2301
2302
2303
2304
2305
2306
2307
2308
2309
2314
2315
2316
2317
2318
2319
2320
2321
2322
2323
2324
2325
2328
2329
2330
2331
2332
2333
2334
2335
2336
2337
2338
2339
2340
2341
2342
2343
2346
2347
2348
2349
2350
2351
2352
2353
2354
2355
)


// ************************************************************************* //
