FoamFile
{
    version     2.0;
    format      ascii;
    class       labelList;
    location    "constant/polyMesh";
    object      neighbour;
}
// * * * * * * * * * * * * * * * * * * * * * * * * * * * * * * * * * //

1328
(
1
3
6
2
5
8
78
9
5
4
12
156
13
16
8
12
7
10
14
18
9
16
10
84
11
11
17
20
86
21
16
13
14
162
15
17
15
24
164
25
17
28
20
24
19
22
26
30
21
28
22
96
23
23
29
32
98
33
28
25
26
174
27
29
27
36
176
37
29
40
32
36
31
34
38
42
33
40
34
108
35
35
41
44
110
45
40
37
38
186
39
41
39
48
188
49
41
52
44
48
43
46
50
54
45
52
46
120
47
47
53
56
122
57
52
49
50
198
51
53
51
60
200
61
53
64
56
60
55
58
62
66
57
64
58
132
59
59
65
68
134
69
64
61
62
210
63
65
63
72
212
73
65
76
68
72
67
70
74
312
69
76
70
144
71
71
77
314
146
315
76
73
74
222
75
77
75
318
224
319
77
322
79
84
80
81
85
82
88
82
90
83
92
235
93
85
86
88
90
87
87
96
89
91
97
92
89
94
100
92
91
94
102
93
94
242
95
95
104
244
105
97
98
100
102
99
99
108
101
103
109
104
101
106
112
104
103
106
114
105
106
254
107
107
116
256
117
109
110
112
114
111
111
120
113
115
121
116
113
118
124
116
115
118
126
117
118
266
119
119
128
268
129
121
122
124
126
123
123
132
125
127
133
128
125
130
136
128
127
130
138
129
130
278
131
131
140
280
141
133
134
136
138
135
135
144
137
139
145
140
137
142
148
140
139
142
150
141
142
290
143
143
152
292
153
145
146
148
150
147
147
390
149
151
391
152
149
154
394
152
151
154
396
153
154
302
155
155
398
304
399
157
162
158
159
163
160
166
160
168
161
170
237
171
163
164
166
168
165
165
174
167
169
175
170
167
172
178
170
169
172
180
171
172
246
173
173
182
248
183
175
176
178
180
177
177
186
179
181
187
182
179
184
190
182
181
184
192
183
184
258
185
185
194
260
195
187
188
190
192
189
189
198
191
193
199
194
191
196
202
194
193
196
204
195
196
270
197
197
206
272
207
199
200
202
204
201
201
210
203
205
211
206
203
208
214
206
205
208
216
207
208
282
209
209
218
284
219
211
212
214
216
213
213
222
215
217
223
218
215
220
226
218
217
220
228
219
220
294
221
221
230
296
231
223
224
226
228
225
225
468
227
229
469
230
227
232
472
230
229
232
474
231
232
306
233
233
476
308
477
236
238
240
236
242
239
243
238
246
239
247
250
243
247
241
245
249
252
243
244
250
245
245
254
251
255
247
248
250
249
249
258
251
259
251
262
255
259
253
257
261
264
255
256
262
257
257
266
263
267
259
260
262
261
261
270
263
271
263
274
267
271
265
269
273
276
267
268
274
269
269
278
275
279
271
272
274
273
273
282
275
283
275
286
279
283
277
281
285
288
279
280
286
281
281
290
287
291
283
284
286
285
285
294
287
295
287
298
291
295
289
293
297
300
291
292
298
293
293
302
299
303
295
296
298
297
297
306
299
307
299
310
303
307
301
305
309
546
303
304
310
305
305
548
311
549
307
308
310
309
309
552
311
553
311
556
314
318
313
316
320
324
315
322
316
390
317
317
323
326
392
327
322
319
320
468
321
323
321
330
470
331
323
334
326
330
325
328
332
336
327
334
328
402
329
329
335
338
404
339
334
331
332
480
333
335
333
342
482
343
335
346
338
342
337
340
344
348
339
346
340
414
341
341
347
350
416
351
346
343
344
492
345
347
345
354
494
355
347
358
350
354
349
352
356
360
351
358
352
426
353
353
359
362
428
363
358
355
356
504
357
359
357
366
506
367
359
370
362
366
361
364
368
372
363
370
364
438
365
365
371
374
440
375
370
367
368
516
369
371
369
378
518
379
371
382
374
378
373
376
380
384
375
382
376
450
377
377
383
385
452
386
382
379
380
528
381
383
381
387
530
388
383
389
385
387
386
389
462
389
388
540
391
392
394
396
393
393
402
395
397
403
398
395
400
406
398
397
400
408
399
400
548
401
401
410
550
411
403
404
406
408
405
405
414
407
409
415
410
407
412
418
410
409
412
420
411
412
560
413
413
422
562
423
415
416
418
420
417
417
426
419
421
427
422
419
424
430
422
421
424
432
423
424
572
425
425
434
574
435
427
428
430
432
429
429
438
431
433
439
434
431
436
442
434
433
436
444
435
436
584
437
437
446
586
447
439
440
442
444
441
441
450
443
445
451
446
443
448
454
446
445
448
456
447
448
596
449
449
458
598
459
451
452
454
456
453
453
462
455
457
463
458
455
460
464
458
457
460
465
459
460
608
461
461
466
610
467
463
464
465
466
466
467
619
469
470
472
474
471
471
480
473
475
481
476
473
478
484
476
475
478
486
477
478
552
479
479
488
554
489
481
482
484
486
483
483
492
485
487
493
488
485
490
496
488
487
490
498
489
490
564
491
491
500
566
501
493
494
496
498
495
495
504
497
499
505
500
497
502
508
500
499
502
510
501
502
576
503
503
512
578
513
505
506
508
510
507
507
516
509
511
517
512
509
514
520
512
511
514
522
513
514
588
515
515
524
590
525
517
518
520
522
519
519
528
521
523
529
524
521
526
532
524
523
526
534
525
526
600
527
527
536
602
537
529
530
532
534
531
531
540
533
535
541
536
533
538
542
536
535
538
543
537
538
612
539
539
544
614
545
541
542
543
544
544
545
621
549
553
547
551
555
558
549
550
556
551
551
560
557
561
553
554
556
555
555
564
557
565
557
568
561
565
559
563
567
570
561
562
568
563
563
572
569
573
565
566
568
567
567
576
569
577
569
580
573
577
571
575
579
582
573
574
580
575
575
584
581
585
577
578
580
579
579
588
581
589
581
592
585
589
583
587
591
594
585
586
592
587
587
596
593
597
589
590
592
591
591
600
593
601
593
604
597
601
595
599
603
606
597
598
604
599
599
608
605
609
601
602
604
603
603
612
605
613
605
616
609
613
607
611
615
618
609
610
616
611
611
619
617
620
613
614
616
615
615
621
617
622
617
623
620
622
620
623
622
623
)
