FoamFile
{
    version     2.0;
    format      ascii;
    class       vectorField;
    location    "constant/polyMesh";
    object      points;
}
// * * * * * * * * * * * * * * * * * * * * * * * * * * * * * * * * * //

1188
(
(-1.9266272684152295 -1.9266272684152295 -7)
(-1.0520006836569615 -1.931045848248496 -7)
(-0.46527744383111269 -1.9304608685947038 -7)
(0 -1.9305107620022817 -7)
(0.46527744383111269 -1.9304608685947038 -7)
(1.0520006836569609 -1.931045848248496 -7)
(1.9266272684152295 -1.9266272684152295 -7)
(-1.931045848248496 -1.0520006836569613 -7)
(-1.0073541845678795 -1.0073541845678793 -7)
(-0.1930252320869088 -0.55243226880552454 -7)
(2.2056557469340987e-08 -0.57206414710873954 -7)
(0.19299470345441572 -0.55244587413759083 -7)
(1.007352539627691 -1.0073613656299987 -7)
(1.9310458639421419 -1.0520032042451533 -7)
(-1.9304608685947038 -0.46527744383111269 -7)
(-0.5524321150706335 -0.19302576024509843 -7)
(-0.37424990158287907 -0.3742500514011835 -7)
(0.37314813484270459 -0.37537927118234427 -7)
(0.55234874284077939 -0.19331862424599944 -7)
(1.9304607440441979 -0.4652757000435459 -7)
(-1.9305107620022814 -2.2204460492503131e-16 -7)
(-0.57206414710873932 -2.2056557691385592e-08 -7)
(0.5719546436439078 0 -7)
(1.9305105066132695 8.8817841970012523e-16 -7)
(-1.9304608685947038 0.46527744383111314 -7)
(-0.55244610671440064 0.19299403370865642 -7)
(-0.37538510641373213 0.37314196745049344 -7)
(0.37433044398149029 0.37433044398149029 -7)
(0.55236221714344325 0.19328738117351651 -7)
(1.9304607440441979 0.46527570004354502 -7)
(-1.931045848248496 1.0520006836569618 -7)
(-1.0073613656299987 1.007352539627691 -7)
(-0.19331864771617369 0.55234874661514333 -7)
(0 0.5719546436439078 -7)
(0.19328738117351563 0.55236221714344325 -7)
(1.0073662781603772 1.0073662781603772 -7)
(1.9310458639421419 1.0520032042451541 -7)
(-1.9266272684152295 1.9266272684152295 -7)
(-1.0520032042451541 1.9310458639421419 -7)
(-0.46527570004354502 1.9304607440441979 -7)
(-8.8817841970012523e-16 1.9305105066132695 -7)
(0.4652757000435459 1.9304607440441979 -7)
(1.0520032042451541 1.9310458639421419 -7)
(1.9266272684152295 1.9266272684152295 -7)
(-2 -1.9319394577171769 -6.1179160660825298)
(-1.1160146358630016 -2 -6.121143309823788)
(-0.50910637147976745 -2 -6.1290746503929032)
(-1.3877787807814457e-16 -2 -6.1312802647538289)
(0.50910637147976689 -2 -6.1290746503929032)
(1.1160146358630014 -2 -6.1211433098237897)
(1.9319394577171769 -2 -6.1179160660825298)
(-2 -1.1160146358630012 -6.121143309823788)
(-1 -1 -6)
(-0.17427628211691229 -0.46852263058711996 -6)
(-9.1848509936099999e-17 -0.5 -6)
(0.17341860990919586 -0.46885347126554072 -6)
(1 -1 -6)
(2 -1.1160146358630016 -6.121143309823788)
(-2 -0.50910637147976723 -6.1290746503929032)
(-0.46848747031660604 -0.17436743169071781 -6)
(-0.35355339059300001 -0.35355339059300001 -5.9976057919819219)
(0.34811255824305409 -0.35873349361423912 -5.9991254724085632)
(0.45866504660589968 -0.19872936533857394 -5.9989175376330728)
(2 -0.50910637147976667 -6.1290746503929032)
(-2 0 -6.1312802647538298)
(-0.5 6.1232339957400004e-17 -6)
(0.5 0 -5.9956016747347274)
(2 -3.0531133177191805e-16 -6.1312802647538298)
(-2 0.50910637147976634 -6.1290746503929032)
(-0.46889161424689213 0.17331972794830544 -6)
(-0.35875292433627798 0.34809214951747119 -5.9991522196901998)
(0.35355339059300001 0.35355339059300001 -6)
(0.45888456095151409 0.19823414890990498 -5.9999528028145122)
(2 0.50910637147976689 -6.1290746503929032)
(-2 1.1160146358630014 -6.121143309823788)
(-1 1 -6)
(-0.19872936533857391 0.45866504660589968 -5.9989847735661632)
(3.0616169978700002e-17 0.5 -5.9956016747348446)
(0.19823414890991881 0.45888456095150798 -5.9999528028145708)
(1 1 -6)
(2 1.1160146358630023 -6.1211433098237897)
(-2 1.9319394577171769 -6.1179160660825289)
(-1.1160146358630016 2 -6.121143309823788)
(-0.50910637147976701 2 -6.1290746503929014)
(2.2204460492503131e-16 2 -6.131280264753828)
(0.50910637147976678 2 -6.1290746503929032)
(1.1160146358630014 2 -6.1211433098237897)
(2 1.9319394577171771 -6.1179160660825307)
(-2 -1.9319783296131243 -5.5122154697003829)
(-1.1308503105085452 -2 -5.5129125511306176)
(-0.5157699968183167 -2 -5.5157699968183174)
(-2.7755575615628914e-16 -2 -5.5172831286671826)
(0.51576999681831759 -2 -5.5157699968183174)
(1.1308503105085448 -2 -5.5129125511306185)
(1.9319783296131243 -2 -5.5122154697003811)
(-2 -1.1308503105085452 -5.5129125511306185)
(-1 -1 -5.5)
(-0.17023133786142836 -0.47008293776463889 -5.5000586476569051)
(-9.1848509936099999e-17 -0.5 -5.5016698080505497)
(0.16915450032394772 -0.47049831983979978 -5.5004977479616883)
(1 -1 -5.5)
(2 -1.1308503105085452 -5.5129125511306176)
(-2 -0.5157699968183167 -5.5157699968183174)
(-0.46996139674645671 -0.17054642110297541 -5.4999575880214637)
(-0.35355339059300001 -0.35355339059300001 -5.4983902383088683)
(0.3442101217158679 -0.36244892205321166 -5.4990379840795178)
(0.45852032101889117 -0.19905586103130302 -5.4992894684624236)
(2 -0.5157699968183167 -5.5157699968183174)
(-2 0 -5.5172831286671817)
(-0.5 6.1232339957400004e-17 -5.5016698080505506)
(0.5 0 -5.4997886443504527)
(2 -2.7755575615628914e-16 -5.5172831286671826)
(-2 0.51576999681831714 -5.5157699968183174)
(-0.47062246787159573 0.16883265865374464 -5.5007468576260345)
(-0.36233245654737084 0.34433244926210277 -5.4994577100234716)
(0.35355339059300001 0.35355339059300001 -5.4999947315542315)
(0.45866504660589946 0.19872936533857441 -5.4998763956809409)
(2 0.51576999681831759 -5.5157699968183174)
(-2 1.1308503105085446 -5.5129125511306176)
(-1 1 -5.5)
(-0.19901932983941359 0.45853651418256247 -5.4994648702153084)
(3.0616169978700002e-17 0.5 -5.4997886443523871)
(0.19872936533857394 0.45866504660589968 -5.4998763956811274)
(1 1 -5.5)
(2 1.1308503105085448 -5.5129125511306185)
(-2 1.9319783296131243 -5.5122154697003802)
(-1.1308503105085452 2 -5.5129125511306185)
(-0.5157699968183167 2 -5.5157699968183174)
(0 2 -5.5172831286671817)
(0.51576999681831714 2 -5.5157699968183174)
(1.1308503105085457 2 -5.5129125511306185)
(2 1.9319783296131245 -5.512215469700382)
(-2 -1.9319831951327635 -5)
(-1.1340172496686123 -2 -5)
(-0.51728312866718118 -2 -4.9999999999999991)
(0 -2 -5)
(0.51728312866718129 -2 -5)
(1.1340172496686123 -2 -5)
(1.9319831951327635 -2 -5)
(-2 -1.1340172496686129 -5)
(-1 -1 -5)
(-0.16925067241538841 -0.47046122217044417 -5.000451418960699)
(-9.1848509936099999e-17 -0.5 -5.000835724438863)
(0.168444926696 -0.47077203259200001 -5.0001022687551533)
(1 -1 -5)
(2 -1.1340172496686123 -5)
(-2 -0.51728312866718129 -5)
(-0.47077203259200001 -0.168444926696 -5.0001625990648062)
(-0.35355339059300001 -0.35355339059300001 -4.9997444727477802)
(0.34357152076015862 -0.36305692070622464 -4.9995938660476069)
(0.45842407845673877 -0.19927298077252856 -4.9998314567335287)
(2 -0.51728312866718118 -4.9999999999999991)
(-2 0 -5)
(-0.5 6.1232339957400004e-17 -5.0008357244388622)
(0.5 0 -4.9999999999967235)
(2 0 -5)
(-2 0.51728312866718129 -5)
(-0.47077203259200001 0.168444926696 -5.0006308130269215)
(-0.36291445650473875 0.34372115559038785 -5.0001392562282962)
(0.35355339059300001 0.35355339059300001 -5.0000000000000089)
(0.45866504660589991 0.19872936533857344 -5.0000000000006555)
(2 0.51728312866718129 -5)
(-2 1.1340172496686123 -5)
(-1 1 -5)
(-0.19925469374305646 0.45843218453940365 -5.0000413394359242)
(3.0616169978700002e-17 0.5 -5.0000000000000497)
(0.19872936533857397 0.45866504660589968 -5.0000000000000391)
(1 1 -5)
(2 1.1340172496686129 -5.0000000000000009)
(-2 1.9319831951327635 -4.9999999999999982)
(-1.1340172496686129 2 -5)
(-0.51728312866718129 2 -5)
(0 2 -5)
(0.51728312866718129 2 -5)
(1.1340172496686123 2 -5)
(2 1.9319831951327635 -5)
(-2 -1.9319831951327635 -4.5)
(-1.1340172496686121 -2 -4.5)
(-0.5172831286671814 -2 -4.5)
(1.1102230246251565e-16 -2 -4.5)
(0.5172831286671814 -2 -4.5)
(1.1340172496686125 -2 -4.5)
(1.9319831951327635 -2 -4.5)
(-2 -1.1340172496686123 -4.5)
(-1 -1 -4.5)
(-0.16845095611456157 -0.47076970678861096 -4.5002189694820345)
(-9.1848509936099999e-17 -0.5 -4.4999999999994245)
(0.168444926696 -0.47077203259200001 -4.4996522354008004)
(1 -1 -4.5)
(2 -1.1340172496686121 -4.5)
(-2 -0.51728312866718118 -4.5)
(-0.47076970678860897 -0.1684509561145667 -4.4997810305161003)
(-0.35355339059300001 -0.35355339059300001 -4.4999999999994547)
(0.34348058621023975 -0.3631434975949196 -4.4997886666644931)
(0.45842216626234472 -0.19927729461395918 -4.4999009491187945)
(2 -0.5172831286671814 -4.5)
(-2 -2.2204460492503131e-16 -4.5)
(-0.5 6.1232339957400004e-17 -4.4999999999994253)
(0.5 0 -4.499999999996068)
(2 1.1102230246251565e-16 -4.5)
(-2 0.51728312866718151 -4.5)
(-0.47077203259200001 0.168444926696 -4.5003477645956096)
(-0.36314349759486925 0.34348058621029265 -4.5002113333342599)
(0.35355339059300001 0.35355339059300001 -4.4999999999999742)
(0.4586650466059064 0.19872936533855873 -4.5)
(2 0.5172831286671814 -4.5)
(-2 1.1340172496686125 -4.5)
(-1 1 -4.5)
(-0.19927729461394716 0.45842216626235005 -4.5000990508813814)
(3.0616169978700002e-17 0.5 -4.5000000000000444)
(0.19872936533857394 0.45866504660589968 -4.5000000000000409)
(1 1 -4.5)
(2 1.1340172496686129 -4.5)
(-2 1.9319831951327635 -4.4999999999999982)
(-1.1340172496686123 2 -4.5)
(-0.51728312866718118 2 -4.5)
(-2.2204460492503131e-16 2 -4.5)
(0.51728312866718151 2 -4.5)
(1.1340172496686125 2 -4.5)
(2 1.9319831951327635 -4.5)
(-2 -1.9319831951327635 -4)
(-1.1340172496686121 -2 -4)
(-0.51728312866718118 -2 -3.9999999999999996)
(-1.1102230246251565e-16 -2 -4)
(0.51728312866718185 -2 -4)
(1.1340172496686125 -2 -4)
(1.9319831951327635 -2 -4)
(-2 -1.1340172496686118 -4)
(-1 -1 -4)
(-0.168444926696 -0.47077203259200001 -3.9998374009344642)
(-9.1848509936099999e-17 -0.5 -3.9991642755598944)
(0.168444926696 -0.47077203259200001 -3.9993691869687389)
(1 -1 -4)
(2 -1.1340172496686121 -4)
(-2 -0.51728312866718185 -4)
(-0.47046122217044972 -0.169250672415374 -3.9995485810325246)
(-0.35355339059300001 -0.35355339059300001 -4.0002555272510385)
(0.34372115559030919 -0.36291445650481369 -3.9998607437694229)
(0.45843218453941015 -0.19925469374304178 -3.9999586605647646)
(2 -0.51728312866718118 -3.9999999999999996)
(-2 6.6613381477509392e-16 -4)
(-0.5 6.1232339957400004e-17 -3.9991642755598948)
(0.5 0 -3.9999999999973785)
(2 -1.1102230246251565e-16 -4)
(-2 0.51728312866718129 -4)
(-0.47077203259200001 0.168444926696 -3.9998977312440722)
(-0.36305692070624879 0.3435715207601332 -4.0004061339517376)
(0.35355339059300001 0.35355339059300001 -3.9999999999999023)
(0.4586650466059064 0.19872936533855873 -4.000000000001311)
(2 0.51728312866718185 -4)
(-2 1.1340172496686121 -4)
(-1 1 -4)
(-0.19927298077260569 0.45842407845670458 -4.0001685432660175)
(3.0616169978700002e-17 0.5 -4.0000000000000195)
(0.19872936533857397 0.45866504660589963 -4.0000000000000195)
(1 1 -4)
(2 1.1340172496686125 -4)
(-2 1.9319831951327635 -4)
(-1.1340172496686118 2 -4)
(-0.51728312866718185 2 -4)
(6.6613381477509392e-16 2 -4)
(0.51728312866718129 2 -4)
(1.1340172496686121 2 -4)
(2 1.9319831951327635 -4)
(-2 -1.9319831951327635 -3.5)
(-1.1340172496686127 -2 -3.5)
(-0.51728312866718151 -2 -3.5)
(-4.4408920985006262e-16 -2 -3.5)
(0.51728312866718129 -2 -3.5)
(1.1340172496686125 -2 -3.5)
(1.9319831951327635 -2 -3.5)
(-2 -1.1340172496686127 -3.5)
(-1 -1 -3.5)
(-0.17043059390470813 -0.4700060762271599 -3.4997525348713863)
(-9.1848509936099999e-17 -0.5 -3.4991159537030279)
(0.16845000879429647 -0.4707700722103611 -3.4994328952165445)
(1 -1 -3.5)
(2 -1.1340172496686127 -3.5)
(-2 -0.51728312866718129 -3.5)
(-0.47012621888772571 -0.17011913576896653 -3.4995766182569028)
(-0.35355339059300001 -0.35355339059300001 -3.5003038860985414)
(0.34399692188750225 -0.36265190516388512 -3.4999278366420352)
(0.45845031053494611 -0.19921380215233381 -3.4999816659294858)
(2 -0.51728312866718151 -3.5)
(-2 -2.2204460492503131e-16 -3.5000000000000013)
(-0.5 6.1232339957400004e-17 -3.4991159537030279)
(0.5 0 -3.4999999999947566)
(2 -4.4408920985006262e-16 -3.5)
(-2 0.51728312866718129 -3.5)
(-0.47064856088526191 0.16876501505942043 -3.4997637653799902)
(-0.36276210468616449 0.34388117570961585 -3.5003901561297441)
(0.35355339059300001 0.35355339059300001 -3.4999999999998983)
(0.45866504660591945 0.19872936533852933 -3.5000000000065548)
(2 0.51728312866718129 -3.5)
(-2 1.1340172496686129 -3.5)
(-1 1 -3.5)
(-0.19924992403922145 0.45843429880370407 -3.5001597018612363)
(3.0616169978700002e-17 0.5 -3.5000000000000027)
(0.19872936533858815 0.45866504660589336 -3.499999999998689)
(1 1 -3.5)
(2 1.1340172496686125 -3.5)
(-2 1.9319831951327635 -3.4999999999999996)
(-1.1340172496686127 2 -3.5)
(-0.51728312866718129 2 -3.5)
(-2.2204460492503131e-16 2 -3.5000000000000013)
(0.51728312866718129 2 -3.5)
(1.1340172496686129 2 -3.5)
(2 1.9319831951327635 -3.4999999999999996)
(-2 -1.9319831951327635 -3)
(-1.1340172496686127 -2 -3)
(-0.51728312866718129 -2 -3)
(0 -2 -3)
(0.51728312866718129 -2 -3)
(1.1340172496686123 -2 -3)
(1.9319831951327635 -2 -3)
(-2 -1.1340172496686127 -3)
(-1 -1 -3)
(-0.1708159565970308 -0.46985742543327963 -3.0001059338838387)
(-9.1848509936099999e-17 -0.5 -3.0000000000000004)
(0.16916520314810252 -0.47049419130494397 -2.9998503013200026)
(1 -1 -3)
(2 -1.1340172496686127 -3)
(-2 -0.51728312866718129 -3)
(-0.46985742543328185 -0.17081595659702498 -2.9998940661177391)
(-0.35355339059300001 -0.35355339059300001 -3)
(0.34413975495790072 -0.36251591677609535 -2.999870869347804)
(0.45844827779857056 -0.19921838793211735 -2.9999328260877345)
(2 -0.51728312866718129 -3)
(-2 1.1102230246251565e-16 -3)
(-0.5 6.1232339957400004e-17 -3.0000000000000004)
(0.5 0 -3.0000000000000009)
(2 0 -3)
(-2 0.51728312866718129 -3)
(-0.47049419130496495 0.1691652031480482 -3.000149698673316)
(-0.362515916776178 0.34413975495781385 -3.0001291306453926)
(0.35355339059300001 0.35355339059300001 -3)
(0.45866504660591945 0.19872936533852933 -3.0000000000000004)
(2 0.51728312866718129 -3)
(-2 1.1340172496686118 -3.0000000000000009)
(-1 1 -3)
(-0.19921838793198457 0.45844827779862946 -3.000067173917615)
(3.0616169978700002e-17 0.5 -3.0000000000000089)
(0.19872936533858079 0.45866504660589663 -3.0000000000000022)
(1 1 -3)
(2 1.1340172496686123 -3)
(-2 1.9319831951327635 -2.9999999999999996)
(-1.1340172496686127 2 -3)
(-0.51728312866718129 2 -3)
(1.1102230246251565e-16 2 -3)
(0.51728312866718129 2 -3)
(1.1340172496686118 2 -3.0000000000000009)
(2 1.9319831951327635 -2.9999999999999996)
(-2 -1.9319831951327635 -2.5000000000000004)
(-1.1340172496686127 -2 -2.5)
(-0.51728312866718107 -2 -2.5)
(2.2204460492503131e-16 -2 -2.5)
(0.51728312866718196 -2 -2.5)
(1.1340172496686125 -2 -2.5)
(1.9319831951327635 -2 -2.5)
(-2 -1.1340172496686127 -2.5)
(-1 -1 -2.5)
(-0.1701191357689224 -0.47012621888774275 -2.5004233817310322)
(-9.1848509936099999e-17 -0.5 -2.5008840462959379)
(0.16876501505944466 -0.47064856088525253 -2.5002362346182574)
(1 -1 -2.5)
(2 -1.1340172496686127 -2.5)
(-2 -0.51728312866718085 -2.5)
(-0.47000607622715634 -0.1704305939047174 -2.500247465125879)
(-0.35355339059300001 -0.35355339059300001 -2.4996961139004505)
(0.34388117570961196 -0.36276210468616821 -2.4996098438694605)
(0.45843429880370268 -0.19924992403922454 -2.4998402981430701)
(2 -0.51728312866718107 -2.5)
(-2 1.1102230246251565e-16 -2.5)
(-0.5 6.1232339957400004e-17 -2.5008840462959379)
(0.5 0 -2.4999999999983613)
(2 2.2204460492503131e-16 -2.5)
(-2 0.51728312866718129 -2.5)
(-0.47077007221033867 0.16845000879435462 -2.5005671047697176)
(-0.36265190516396656 0.34399692188741671 -2.5000721633534315)
(0.35355339059300001 0.35355339059300001 -2.5)
(0.45866504660589946 0.19872936533857441 -2.4999999999998419)
(2 0.51728312866718196 -2.5)
(-2 1.1340172496686125 -2.5)
(-1 1 -2.5)
(-0.1992138021523237 0.45845031053495056 -2.5000183340723496)
(3.0616169978700002e-17 0.5 -2.5000000000000275)
(0.19872936533857394 0.45866504660589968 -2.5000000000000249)
(1 1 -2.5)
(2 1.1340172496686125 -2.5)
(-2 1.9319831951327635 -2.5)
(-1.1340172496686127 2 -2.5)
(-0.51728312866718085 2 -2.5)
(1.1102230246251565e-16 2 -2.5)
(0.51728312866718129 2 -2.5)
(1.1340172496686125 2 -2.5)
(2 1.9319831951327635 -2.5)
(-2 -1.9319831951327642 -2)
(-1.1340172496686127 -2 -1.9999999999999998)
(-0.51728312866718129 -2 -2)
(0 -2 -2)
(0.51728312866718196 -2 -2)
(1.1340172496686125 -2 -2)
(1.9319831951327635 -2 -2)
(-2 -1.1340172496686127 -2)
(-1 -1 -2)
(-0.16925067241538838 -0.47046122217044417 -2.000451418960699)
(-9.1848509936099999e-17 -0.5 -2.0008357244387325)
(0.168444926696 -0.47077203259200001 -2.0001022687551524)
(1 -1 -2)
(2 -1.1340172496686127 -1.9999999999999998)
(-2 -0.51728312866718096 -2)
(-0.47077203259200001 -0.168444926696 -2.0001625990648062)
(-0.35355339059300001 -0.35355339059300001 -1.999744472747822)
(0.34357152076010034 -0.3630569207062801 -1.9995938660476067)
(0.45842407845671473 -0.19927298077258279 -1.999831456733697)
(2 -0.51728312866718129 -2)
(-2 0 -2)
(-0.5 6.1232339957400004e-17 -2.0008357244389057)
(0.5 0 -1.999999999998689)
(2 0 -2)
(-2 0.51728312866718196 -2)
(-0.47077203259200001 0.168444926696 -2.0006308130269215)
(-0.36291445650473891 0.34372115559038774 -2.0001392562282954)
(0.35355339059300001 0.35355339059300001 -2.0000000000000089)
(0.45866504660589991 0.19872936533857344 -1.9999999999986893)
(2 0.51728312866718196 -2)
(-2 1.1340172496686118 -2)
(-1 1 -2)
(-0.19925469374305646 0.45843218453940365 -2.0000413394359233)
(3.0616169978700002e-17 0.5 -2.0000000000000493)
(0.19872936533857397 0.45866504660589968 -2.0000000000000395)
(1 1 -2)
(2 1.1340172496686125 -2)
(-2 1.9319831951327635 -2)
(-1.1340172496686127 2 -2)
(-0.51728312866718096 2 -2)
(0 2 -2)
(0.51728312866718196 2 -2)
(1.1340172496686118 2 -2)
(2 1.9319831951327635 -2)
(-2 -1.9319831951327642 -1.5000000000000004)
(-1.1340172496686127 -2 -1.5)
(-0.51728312866718018 -2 -1.5)
(0 -2 -1.5)
(0.51728312866718129 -2 -1.5)
(1.1340172496686118 -2 -1.5)
(1.9319831951327635 -2 -1.5000000000000002)
(-2 -1.1340172496686127 -1.5)
(-1 -1 -1.5)
(-0.16845095611456185 -0.47076970678861085 -1.500218969482034)
(-9.1848509936099999e-17 -0.5 -1.4999999999991058)
(0.168444926696 -0.47077203259200001 -1.4996522354017827)
(1 -1 -1.5)
(2 -1.1340172496686127 -1.5)
(-2 -0.51728312866718018 -1.5)
(-0.47076970678862057 -0.1684509561145367 -1.4997810305161001)
(-0.35355339059300001 -0.35355339059300001 -1.4999999999994538)
(0.34348058621023975 -0.3631434975949196 -1.4997886666644937)
(0.45842216626234467 -0.19927729461395918 -1.499900949119094)
(2 -0.51728312866718018 -1.5)
(-2 -5.5511151231257827e-17 -1.5)
(-0.5 6.1232339957400004e-17 -1.4999999999994238)
(0.5 0 -1.4999999999960678)
(2 0 -1.5)
(-2 0.51728312866718129 -1.5)
(-0.47077203259200001 0.168444926696 -1.5003477645956091)
(-0.36314349759486919 0.3434805862102927 -1.5002113333342593)
(0.35355339059300001 0.35355339059300001 -1.499999999999974)
(0.4586650466059064 0.19872936533855873 -1.5000000000000002)
(2 0.51728312866718129 -1.5)
(-2 1.1340172496686125 -1.5)
(-1 1 -1.5)
(-0.19927729461394716 0.45842216626235005 -1.5000990508813818)
(3.0616169978700002e-17 0.5 -1.5000000000000435)
(0.19872936533857397 0.45866504660589968 -1.5000000000000406)
(1 1 -1.5)
(2 1.1340172496686118 -1.5)
(-2 1.9319831951327635 -1.5000000000000002)
(-1.1340172496686127 2 -1.5)
(-0.51728312866718018 2 -1.5)
(-5.5511151231257827e-17 2 -1.5)
(0.51728312866718129 2 -1.5)
(1.1340172496686125 2 -1.5)
(2 1.9319831951327635 -1.5)
(-2 -1.9319831951327635 -1)
(-1.1340172496686127 -2 -1)
(-0.51728312866718018 -2 -0.99999999999999989)
(-4.4408920985006262e-16 -2 -1)
(0.51728312866718063 -2 -1)
(1.1340172496686118 -2 -1)
(1.9319831951327635 -2 -1)
(-2 -1.1340172496686127 -1)
(-1 -1 -1)
(-0.168444926696 -0.47077203259200001 -0.99983740093446283)
(-9.1848509936099999e-17 -0.5 -0.99916427555972298)
(0.168444926696 -0.47077203259200001 -0.99936918696873889)
(1 -1 -1)
(2 -1.1340172496686127 -1)
(-2 -0.51728312866718018 -1)
(-0.47046122217044972 -0.169250672415374 -0.9995485810325242)
(-0.35355339059300001 -0.35355339059300001 -1.0002555272510389)
(0.34372115559035576 -0.36291445650476933 -0.99986074376942291)
(0.45843218453933193 -0.19925469374321822 -0.99995866056476446)
(2 -0.51728312866718018 -0.99999999999999989)
(-2 -1.1102230246251565e-16 -1)
(-0.5 6.1232339957400004e-17 -0.9991642755598944)
(0.5 0 -0.9999999999973781)
(2 -4.4408920985006262e-16 -1)
(-2 0.51728312866718118 -1)
(-0.47077203259200001 0.168444926696 -0.99989773124407266)
(-0.36305692070624879 0.3435715207601332 -1.0004061339517376)
(0.35355339059300001 0.35355339059300001 -0.99999999999990319)
(0.4586650466059064 0.19872936533855873 -1.000000000001311)
(2 0.51728312866718063 -1)
(-2 1.1340172496686118 -1)
(-1 1 -1)
(-0.19927298077260569 0.45842407845670458 -1.000168543266017)
(3.0616169978700002e-17 0.5 -1.0000000000000191)
(0.19872936533857397 0.45866504660589968 -1.0000000000000191)
(1 1 -1)
(2 1.1340172496686118 -1)
(-2 1.9319831951327635 -1)
(-1.1340172496686127 2 -1)
(-0.51728312866718018 2 -1)
(-1.1102230246251565e-16 2 -1)
(0.51728312866718118 2 -1)
(1.1340172496686118 2 -1)
(2 1.9319831951327635 -1)
(-2 -1.9319831951327635 -0.49999999999999994)
(-1.1340172496686127 -2 -0.5)
(-0.51728312866718018 -2 -0.49999999999999978)
(0 -2 -0.5)
(0.51728312866718129 -2 -0.5)
(1.1340172496686125 -2 -0.5)
(1.9319831951327635 -2 -0.5)
(-2 -1.1340172496686127 -0.5)
(-1 -1 -0.5)
(-0.17043059390470813 -0.4700060762271599 -0.49975253487138627)
(-9.1848509936099999e-17 -0.5 -0.49911595370302697)
(0.16845000879429647 -0.4707700722103611 -0.49943289522440981)
(1 -1 -0.5)
(2 -1.1340172496686127 -0.5)
(-2 -0.51728312866718018 -0.5)
(-0.47012621888772571 -0.17011913576896653 -0.4995766182569028)
(-0.35355339059300001 -0.35355339059300001 -0.5003038860985427)
(0.34399692188750225 -0.36265190516388512 -0.49992783664203522)
(0.45845031053494611 -0.19921380215233381 -0.49998166592948579)
(2 -0.51728312866718018 -0.49999999999999978)
(-2 5.5511151231257827e-17 -0.5)
(-0.5 6.1232339957400004e-17 -0.49911595370302742)
(0.5 0 -0.49999999999475664)
(2 0 -0.5)
(-2 0.51728312866718129 -0.5)
(-0.47064856088526191 0.1687650150594204 -0.49976376537999023)
(-0.36276210468616449 0.34388117570961585 -0.50039015612187931)
(0.35355339059300001 0.35355339059300001 -0.4999999999998983)
(0.45866504660591945 0.19872936533852933 -0.49999999999868927)
(2 0.51728312866718129 -0.5)
(-2 1.1340172496686118 -0.5)
(-1 1 -0.5)
(-0.19924992403928027 0.45843429880367798 -0.50015970186123582)
(3.0616169978700002e-17 0.5 -0.50000000000000178)
(0.19872936533858815 0.45866504660589336 -0.49999999999868927)
(1 1 -0.5)
(2 1.1340172496686125 -0.5)
(-2 1.9319831951327635 -0.49999999999999994)
(-1.1340172496686127 2 -0.5)
(-0.51728312866718018 2 -0.5)
(5.5511151231257827e-17 2 -0.5)
(0.51728312866718129 2 -0.5)
(1.1340172496686118 2 -0.5)
(2 1.9319831951327635 -0.5)
(-2 -1.9319831951327648 0)
(-1.1340172496686127 -2 0)
(-0.51728312866718018 -2 0)
(0 -2 0)
(0.51728312866718174 -2 0)
(1.1340172496686125 -2 0)
(1.9319831951327635 -2 0)
(-2 -1.1340172496686127 0)
(-1 -1 0)
(-0.1708159565970308 -0.46985742543327963 -0.00010593388383878244)
(-9.1848509936099999e-17 -0.5 -4.4408920985006262e-16)
(0.16916520314799746 -0.47049419130498454 0.00014969868042008576)
(1 -1 0)
(2 -1.1340172496686127 0)
(-2 -0.51728312866718018 0)
(-0.46985742543328185 -0.17081595659702503 0.00010593388619336221)
(-0.35355339059300001 -0.35355339059300001 0)
(0.34413975495788429 -0.36251591677611095 0.00012913065283613244)
(0.45844827779866471 -0.19921838793190494 6.7173912258132996e-05)
(2 -0.51728312866718018 0)
(-2 0 0)
(-0.5 6.1232339957400004e-17 -4.4408920985006262e-16)
(0.5 0 0)
(2 0 0)
(-2 0.51728312866718185 0)
(-0.47049419130496495 0.1691652031480482 -0.00014969867331621201)
(-0.362515916776178 0.34413975495781385 -0.00012913064539299413)
(0.35355339059300001 0.35355339059300001 0)
(0.45866504660591945 0.19872936533852933 0)
(2 0.51728312866718174 0)
(-2 1.1340172496686118 0)
(-1 1 0)
(-0.19921838793198457 0.45844827779862946 -6.717391761479341e-05)
(3.0616169978700002e-17 0.5 -7.5495165674510645e-15)
(0.19872936533858079 0.45866504660589663 -2.2273800853577235e-15)
(1 1 0)
(2 1.1340172496686125 0)
(-2 1.9319831951327635 6.4184768611141862e-17)
(-1.1340172496686127 2 0)
(-0.51728312866718018 2 0)
(0 2 0)
(0.51728312866718185 2 0)
(1.1340172496686118 2 0)
(2 1.9319831951327635 0)
(-2 -1.9319831951327648 0.5)
(-1.1340172496686127 -2 0.5)
(-0.51728312866718018 -2 0.5)
(0 -2 0.5)
(0.51728312866718129 -2 0.5)
(1.1340172496686125 -2 0.5)
(1.9319831951327635 -2 0.5)
(-2 -1.1340172496686127 0.5)
(-1 -1 0.5)
(-0.17011913576892243 -0.47012621888774275 0.49957661826896749)
(-9.1848509936099999e-17 -0.5 0.49911595370414075)
(0.16876501505944466 -0.47064856088525253 0.49976376538075917)
(1 -1 0.5)
(2 -1.1340172496686127 0.5)
(-2 -0.51728312866718018 0.5)
(-0.47000607622715634 -0.1704305939047174 0.4997525348731377)
(-0.35355339059300001 -0.35355339059300001 0.50030388609962273)
(0.34388117570961241 -0.36276210468616782 0.50039015613061433)
(0.45843429880369096 -0.19924992403925096 0.50015970185684433)
(2 -0.51728312866718018 0.5)
(-2 0 0.5)
(-0.5 6.1232339957400004e-17 0.49911595370414163)
(0.5 0 0.50000000000065548)
(2 0 0.5)
(-2 0.51728312866718129 0.5)
(-0.47077007221033862 0.16845000879435471 0.49943289523028134)
(-0.36265190516396661 0.34399692188741671 0.49992783664656792)
(0.35355339059300001 0.35355339059300001 0.5)
(0.45866504660589946 0.19872936533857441 0.50000000000007261)
(2 0.51728312866718129 0.5)
(-2 1.1340172496686118 0.5)
(-1 1 0.5)
(-0.1992138021523237 0.45845031053495056 0.49998166592765014)
(3.0616169978700002e-17 0.5 0.49999999999997247)
(0.19872936533857394 0.45866504660589968 0.49999999999997508)
(1 1 0.5)
(2 1.1340172496686125 0.5)
(-2 1.9319831951327635 0.5)
(-1.1340172496686127 2 0.5)
(-0.51728312866718018 2 0.5)
(0 2 0.5)
(0.51728312866718129 2 0.5)
(1.1340172496686118 2 0.5)
(2 1.9319831951327635 0.5)
(-2 -1.9319831951327635 1)
(-1.1340172496686127 -2 1.0000000000000009)
(-0.51728312866718018 -2 1.0000000000000004)
(0 -2 1)
(0.51728312866718063 -2 1)
(1.1340172496686116 -2 1)
(1.9319831951327635 -2 1)
(-2 -1.1340172496686127 1.0000000000000009)
(-1 -1 1)
(-0.1692506724153883 -0.47046122217044423 0.99954858103930055)
(-9.1848509936099999e-17 -0.5 0.99916427556113696)
(0.168444926696 -0.47077203259200001 0.99989773124582992)
(1 -1 1)
(2 -1.1340172496686127 1.0000000000000009)
(-2 -0.51728312866718018 1.0000000000000009)
(-0.47077203259200001 -0.168444926696 0.9998374009351938)
(-0.35355339059300001 -0.35355339059300001 1.0002555272522193)
(0.34357152076016739 -0.36305692070621626 1.0004061339523931)
(0.45842407845669192 -0.19927298077263428 1.000168543266317)
(2 -0.51728312866718018 1.0000000000000004)
(-2 0 1)
(-0.5 6.1232339957400004e-17 0.99916427556113696)
(0.5 0 1.000000000001311)
(2 0 1)
(-2 0.51728312866718174 1)
(-0.47077203259200001 0.168444926696 0.99936918697307764)
(-0.36291445650473891 0.34372115559038774 0.99986074377170475)
(0.35355339059300001 0.35355339059300001 0.99999999999999201)
(0.45866504660589991 0.19872936533857344 0.99999999999934464)
(2 0.51728312866718063 1)
(-2 1.1340172496686123 1)
(-1 1 1)
(-0.19925469374306384 0.45843218453940038 0.99995866056407667)
(3.0616169978700002e-17 0.5 0.99999999999995026)
(0.19872936533857394 0.45866504660589968 0.99999999999996014)
(1 1 1)
(2 1.1340172496686116 1)
(-2 1.9319831951327635 1)
(-1.1340172496686127 2 1.0000000000000009)
(-0.51728312866718018 2 1.0000000000000009)
(0 2 1)
(0.51728312866718174 2 1)
(1.1340172496686123 2 1)
(2 1.9319831951327635 1)
(-2 -1.9319831951327635 1.5)
(-1.1340172496686127 -2 1.5)
(-0.51728312866718018 -2 1.5)
(0 -2 1.5)
(0.5172831286671804 -2 1.5)
(1.1340172496686125 -2 1.5)
(1.9319831951327633 -2 1.5)
(-2 -1.1340172496686127 1.5)
(-1 -1 1.5)
(-0.16845095611456165 -0.47076970678861091 1.499781030517966)
(-9.1848509936099999e-17 -0.5 1.5000000000005762)
(0.168444926696 -0.47077203259200001 1.5003477645972341)
(1 -1 1.5)
(2 -1.1340172496686127 1.5)
(-2 -0.51728312866718018 1.5)
(-0.47076970678862057 -0.1684509561145367 1.5002189694839001)
(-0.35355339059300001 -0.35355339059300001 1.5000000000005469)
(0.34348058621028638 -0.36314349759487524 1.5002113333355063)
(0.45842216626235716 -0.19927729461393109 1.5000990508811203)
(2 -0.51728312866718018 1.5)
(-2 0 1.5)
(-0.5 6.1232339957400004e-17 1.5000000000005749)
(0.5 0 1.5000000000039322)
(2 0 1.5)
(-2 0.51728312866718051 1.5)
(-0.47077203259200001 0.168444926696 1.4996522354043909)
(-0.36314349759486919 0.3434805862102927 1.4997886666657407)
(0.35355339059300001 0.35355339059300001 1.500000000000026)
(0.4586650466059064 0.19872936533855873 1.5)
(2 0.5172831286671804 1.5)
(-2 1.1340172496686125 1.5)
(-1 1 1.5)
(-0.19927729461391774 0.4584221662623631 1.4999009491146857)
(3.0616169978700002e-17 0.5 1.4999999999999565)
(0.19872936533857397 0.45866504660589968 1.4999999999999594)
(1 1 1.5)
(2 1.1340172496686125 1.5)
(-2 1.9319831951327633 1.5)
(-1.1340172496686127 2 1.5)
(-0.51728312866718018 2 1.5)
(0 2 1.5)
(0.51728312866718051 2 1.5)
(1.1340172496686125 2 1.5)
(2 1.9319831951327633 1.5)
(-2 -1.9319831951327635 2)
(-1.1340172496686081 -2 2)
(-0.51728312866718018 -2 2)
(0 -2 2)
(0.51728312866717996 -2 1.9999999999999989)
(1.1340172496686121 -2 2)
(1.9319831951327635 -2 2)
(-2 -1.1340172496686081 2)
(-1 -1 2)
(-0.168444926696 -0.47077203259200001 2.0001625990655367)
(-9.1848509936099999e-17 -0.5 2.0008357244401056)
(0.168444926696 -0.47077203259200001 2.0006308130292951)
(1 -1 2)
(2 -1.1340172496686081 2)
(-2 -0.51728312866718018 2)
(-0.47046122217046127 -0.16925067241534397 2.0004514189635429)
(-0.35355339059300001 -0.35355339059300001 1.9997444727489611)
(0.34372115559033245 -0.36291445650479148 2.0001392562305771)
(0.45843218453941015 -0.19925469374304178 2.0000413394352354)
(2 -0.51728312866718018 2)
(-2 0 2)
(-0.5 6.1232339957400004e-17 2.0008357244401065)
(0.5 0 2.0000000000026219)
(2 0 2)
(-2 0.51728312866717996 1.9999999999999991)
(-0.47077203259200001 0.168444926696 2.0001022687559273)
(-0.36305692070624879 0.3435715207601332 1.9995938660482624)
(0.35355339059300001 0.35355339059300001 2.0000000000000968)
(0.4586650466059064 0.19872936533855873 1.999999999998689)
(2 0.51728312866717996 1.9999999999999989)
(-2 1.1340172496686121 2)
(-1 1 2)
(-0.19927298077260569 0.45842407845670458 1.999831456733983)
(3.0616169978700002e-17 0.5 1.9999999999999802)
(0.19872936533857397 0.45866504660589968 1.9999999999999809)
(1 1 2)
(2 1.1340172496686121 2)
(-2 1.9319831951327635 2)
(-1.1340172496686081 2 2)
(-0.51728312866718018 2 2)
(0 2 2)
(0.51728312866717996 2 1.9999999999999991)
(1.1340172496686121 2 2)
(2 1.9319831951327635 2)
(-2 -1.9319831951327635 2.5)
(-1.1340172496686174 -2 2.4999999999999996)
(-0.51728312866718018 -2 2.5)
(0 -2 2.5)
(0.51728312866717996 -2 2.4999999999999991)
(1.1340172496686129 -2 2.5)
(1.9319831951327635 -2 2.5)
(-2 -1.1340172496686081 2.5)
(-1 -1 2.5)
(-0.17043059390470822 -0.47000607622715984 2.5002474651286137)
(-9.1848509936099999e-17 -0.5 2.500884046296973)
(0.16845000879435651 -0.47077007221033795 2.5005671047834555)
(1 -1 2.5)
(2 -1.1340172496686174 2.4999999999999996)
(-2 -0.51728312866718018 2.5)
(-0.47012621888772571 -0.17011913576896653 2.5004233817430972)
(-0.35355339059300001 -0.35355339059300001 2.4996961139014573)
(0.34399692188750225 -0.36265190516388512 2.5000721633579648)
(0.45845031053494611 -0.19921380215233381 2.5000183340705142)
(2 -0.51728312866718018 2.5)
(-2 0 2.5)
(-0.5 6.1232339957400004e-17 2.5008840462969726)
(0.5 0 2.5000000000052434)
(2 0 2.5)
(-2 0.51728312866717996 2.4999999999999991)
(-0.47064856088526191 0.16876501505942043 2.5002362346200098)
(-0.36276210468616449 0.34388117570961585 2.4996098438781207)
(0.35355339059300001 0.35355339059300001 2.5000000000001017)
(0.45866504660591945 0.19872936533852933 2.500000000001311)
(2 0.51728312866717996 2.4999999999999991)
(-2 1.1340172496686129 2.5)
(-1 1 2.5)
(-0.19924992403928027 0.45843429880367798 2.4998402981387642)
(3.0616169978700002e-17 0.5 2.4999999999999973)
(0.19872936533858815 0.45866504660589336 2.500000000001311)
(1 1 2.5)
(2 1.1340172496686129 2.5)
(-2 1.9319831951327635 2.5)
(-1.1340172496686081 2 2.5)
(-0.51728312866718018 2 2.5)
(0 2 2.5)
(0.51728312866717996 2 2.4999999999999991)
(1.1340172496686129 2 2.5)
(2 1.9319831951327635 2.5)
(-2 -1.9319831951327635 3)
(-1.1340172496686174 -2 3.0000000000000004)
(-0.51728312866718018 -2 3)
(0 -2 3)
(0.51728312866717996 -2 2.9999999999999991)
(1.1340172496686123 -2 3)
(1.9319831951327635 -2 3)
(-2 -1.1340172496686081 3)
(-1 -1 3)
(-0.1708159565970308 -0.46985742543327963 2.9998940661161613)
(-9.1848509936099999e-17 -0.5 2.9999999999999996)
(0.16916520314808647 -0.47049419130495018 3.0001496986800333)
(1 -1 3)
(2 -1.1340172496686174 3.0000000000000004)
(-2 -0.51728312866718018 3)
(-0.46985742543328185 -0.17081595659702506 3.0001059338822609)
(-0.35355339059300001 -0.35355339059300001 3)
(0.3441397549578869 -0.36251591677610839 3.0001291306521627)
(0.45844827779862329 -0.19921838793199848 3.0000671739118845)
(2 -0.51728312866718018 3)
(-2 0 3)
(-0.5 6.1232339957400004e-17 2.9999999999999996)
(0.5 0 3)
(2 0 3)
(-2 0.51728312866717996 2.9999999999999991)
(-0.47049419130496495 0.1691652031480482 2.999850301326684)
(-0.362515916776178 0.34413975495781385 2.999870869354607)
(0.35355339059300001 0.35355339059300001 3)
(0.45866504660591945 0.19872936533852933 3)
(2 0.51728312866717996 2.9999999999999991)
(-2 1.1340172496686127 3)
(-1 1 3)
(-0.19921838793198457 0.45844827779862946 2.999932826082385)
(3.0616169978700002e-17 0.5 2.9999999999999911)
(0.19872936533858079 0.45866504660589663 2.9999999999999973)
(1 1 3)
(2 1.1340172496686123 3)
(-2 1.9319831951327635 3)
(-1.1340172496686081 2 3)
(-0.51728312866718018 2 3)
(0 2 3)
(0.51728312866717996 2 2.9999999999999991)
(1.1340172496686127 2 3)
(2 1.9319831951327635 3)
(-2 -1.9319831951327635 3.4999999999999991)
(-1.1340172496686174 -2 3.5000000000000004)
(-0.51728312866718018 -2 3.5)
(0 -2 3.5)
(0.51728312866717996 -2 3.4999999999999991)
(1.1340172496686127 -2 3.5)
(1.9319831951327635 -2 3.4999999999999996)
(-2 -1.1340172496686174 3.5000000000000004)
(-1 -1 3.5)
(-0.17011913576892237 -0.47012621888774275 3.4995766182689678)
(-9.1848509936099999e-17 -0.5 3.4991159537041407)
(0.16876501505944466 -0.47064856088525253 3.4997637653807594)
(1 -1 3.5)
(2 -1.1340172496686174 3.5000000000000004)
(-2 -0.51728312866718018 3.5)
(-0.4700060762271534 -0.1704305939047249 3.4997525348731378)
(-0.35355339059300001 -0.35355339059300001 3.5003038860996227)
(0.34388117570961024 -0.36276210468616982 3.5003901561305888)
(0.45843429880369074 -0.19924992403925146 3.5001597018567709)
(2 -0.51728312866718018 3.5)
(-2 0 3.5)
(-0.5 6.1232339957400004e-17 3.4991159537041421)
(0.5 0 3.5000000000006555)
(2 0 3.5)
(-2 0.51728312866717996 3.4999999999999991)
(-0.47077007221033862 0.16845000879435471 3.4994328952302816)
(-0.36265190516396645 0.34399692188741687 3.4999278366465676)
(0.35355339059300001 0.35355339059300001 3.5)
(0.45866504660589952 0.19872936533857441 3.5000000000000724)
(2 0.51728312866717996 3.4999999999999991)
(-2 1.1340172496686127 3.5)
(-1 1 3.5)
(-0.1992138021523274 0.45845031053494895 3.499981665928142)
(3.0616169978700002e-17 0.5 3.4999999999999725)
(0.19872936533857394 0.45866504660589968 3.4999999999999751)
(1 1 3.5)
(2 1.1340172496686127 3.5)
(-2 1.9319831951327635 3.4999999999999996)
(-1.1340172496686174 2 3.5000000000000004)
(-0.51728312866718018 2 3.5)
(0 2 3.5)
(0.51728312866717996 2 3.4999999999999991)
(1.1340172496686127 2 3.5)
(2 1.9319831951327635 3.5)
(-2 -1.9319831951327624 4)
(-1.1340172496686174 -2 3.9999999999999996)
(-0.51728312866718018 -2 4)
(0 -2 4)
(0.51728312866717996 -2 3.9999999999999991)
(1.1340172496686174 -2 4.0000000000000009)
(1.9319831951327635 -2 4)
(-2 -1.1340172496686081 3.9999999999999991)
(-1 -1 4)
(-0.16925067241538821 -0.47046122217044423 3.999548581039301)
(-9.1848509936099999e-17 -0.5 3.9991642755613084)
(0.168444926696 -0.47077203259200001 3.9998977312458299)
(1 -1 4)
(2 -1.1340172496686174 3.9999999999999996)
(-2 -0.51728312866718018 4)
(-0.47077203259200001 -0.168444926696 3.9998374009361761)
(-0.35355339059300001 -0.35355339059300001 4.0002555272522198)
(0.34357152076011777 -0.36305692070626344 4.0004061339533763)
(0.45842407845670935 -0.19927298077259487 4.0001685432664464)
(2 -0.51728312866718018 4)
(-2 0 4)
(-0.5 6.1232339957400004e-17 3.999164275561137)
(0.5 0 4.0000000000032774)
(2 0 4)
(-2 0.51728312866717996 3.9999999999999991)
(-0.47077203259200001 0.168444926696 3.9993691869730772)
(-0.3629144565047388 0.34372115559038779 3.9998607437717042)
(0.35355339059300001 0.35355339059300001 3.999999999999992)
(0.45866504660589991 0.19872936533857344 4.000000000001311)
(2 0.51728312866717996 3.9999999999999991)
(-2 1.1340172496686174 4.0000000000000009)
(-1 1 4)
(-0.19925469374306387 0.45843218453940032 3.9999586605640771)
(3.0616169978700002e-17 0.5 3.9999999999999503)
(0.19872936533857394 0.45866504660589968 3.99999999999996)
(1 1 4)
(2 1.1340172496686174 4.0000000000000009)
(-2 1.9319831951327635 4)
(-1.1340172496686081 2 3.9999999999999991)
(-0.51728312866718018 2 4)
(0 2 4)
(0.51728312866717996 2 3.9999999999999991)
(1.1340172496686174 2 4.0000000000000009)
(2 1.9319831951327635 4)
(-2 -1.9319831951327635 4.5)
(-1.1340172496686081 -2 4.4999999999999991)
(-0.51728312866718018 -2 4.5)
(0 -2 4.5)
(0.51728312866718484 -2 4.5)
(1.1340172496686174 -2 4.5)
(1.9319831951327635 -2 4.5)
(-2 -1.1340172496686081 4.4999999999999991)
(-1 -1 4.5)
(-0.16845095611456165 -0.47076970678861091 4.4997810305179655)
(-9.1848509936099999e-17 -0.5 4.5000000000007212)
(0.168444926696 -0.47077203259200001 4.5003477645962509)
(1 -1 4.5)
(2 -1.1340172496686081 4.4999999999999991)
(-2 -0.51728312866718018 4.5)
(-0.47076970678862057 -0.1684509561145367 4.5002189694838997)
(-0.35355339059300001 -0.35355339059300001 4.500000000000381)
(0.34348058621028638 -0.36314349759487524 4.5002113333315741)
(0.45842216626235666 -0.1992772946139322 4.5000990508814187)
(2 -0.51728312866718018 4.5)
(-2 0 4.5)
(-0.5 6.1232339957400004e-17 4.5000000000004015)
(0.5 0 4.5000000000039329)
(2 0 4.5)
(-2 0.51728312866718484 4.5)
(-0.47077203259200001 0.168444926696 4.4996522354043904)
(-0.36314349759486936 0.34348058621029254 4.4997886666657401)
(0.35355339059300001 0.35355339059300001 4.5000000000000258)
(0.4586650466059064 0.19872936533855873 4.5)
(2 0.51728312866718484 4.5)
(-2 1.1340172496686174 4.5)
(-1 1 4.5)
(-0.19927729461394716 0.45842216626235005 4.4999009491186186)
(3.0616169978700002e-17 0.5 4.4999999999999556)
(0.19872936533857394 0.45866504660589968 4.4999999999999591)
(1 1 4.5)
(2 1.1340172496686174 4.5)
(-2 1.9319831951327635 4.5)
(-1.1340172496686081 2 4.4999999999999991)
(-0.51728312866718018 2 4.5)
(0 2 4.5)
(0.51728312866718484 2 4.5)
(1.1340172496686174 2 4.5)
(2 1.9319831951327635 4.5)
(-2 -1.9319831951327648 5)
(-1.1340172496686081 -2 4.9999999999999991)
(-0.51728312866718484 -2 4.9999999999999991)
(0 -2 5)
(0.51728312866718484 -2 5)
(1.1340172496686174 -2 5)
(1.9319831951327635 -2 5)
(-2 -1.1340172496686081 4.9999999999999991)
(-1 -1 5)
(-0.168444926696 -0.47077203259200001 5.0001625990655363)
(-9.1848509936099999e-17 -0.5 5.0008357244399635)
(0.168444926696 -0.47077203259200001 5.0006308130302788)
(1 -1 5)
(2 -1.1340172496686081 4.9999999999999991)
(-2 -0.51728312866718484 4.9999999999999991)
(-0.47046122217044972 -0.169250672415374 5.0004514189674758)
(-0.35355339059300001 -0.35355339059300001 4.9997444727486675)
(0.34372115559035576 -0.36291445650476933 5.0001392562305771)
(0.45843218453943618 -0.19925469374298294 5.0000413394352359)
(2 -0.51728312866718484 4.9999999999999991)
(-2 0 5)
(-0.5 6.1232339957400004e-17 5.0008357244397921)
(0.5 0 5.0000000000065548)
(2 0 5)
(-2 0.51728312866718484 5)
(-0.47077203259200001 0.168444926696 5.0001022687559269)
(-0.36305692070624879 0.3435715207601332 4.9995938660482624)
(0.35355339059300001 0.35355339059300001 5.0000000000000977)
(0.4586650466059064 0.19872936533855873 4.999999999998689)
(2 0.51728312866718484 5)
(-2 1.1340172496686174 5)
(-1 1 5)
(-0.19927298077260569 0.45842407845670458 4.9998314567339825)
(3.0616169978700002e-17 0.5 4.9999999999999805)
(0.19872936533857397 0.45866504660589968 4.9999999999999805)
(1 1 5)
(2 1.1340172496686174 5)
(-2 1.9319831951327635 5)
(-1.1340172496686081 2 4.9999999999999991)
(-0.51728312866718484 2 4.9999999999999991)
(0 2 5)
(0.51728312866718484 2 5)
(1.1340172496686174 2 5)
(2 1.9319831951327635 5)
(-2 -1.9319783296131232 5.5122154697003873)
(-1.1308503105085446 -2 5.5129125511306096)
(-0.51576999681831204 -2 5.5157699968183351)
(0 -2 5.5172831286671942)
(0.51576999681832136 -2 5.5157699968183351)
(1.1308503105085448 -2 5.5129125511306096)
(1.9319783296131243 -2 5.5122154697003714)
(-2 -1.1308503105085446 5.5129125511306096)
(-1 -1 5.5)
(-0.17054642110298124 -0.46996139674645449 5.4999575880281313)
(-9.1848509936099999e-17 -0.5 5.5016698080513597)
(0.16883265865371189 -0.47062246787160833 5.5007468576354839)
(1 -1 5.5)
(2 -1.1308503105085355 5.5129125511306096)
(-2 -0.51576999681831204 5.5157699968183351)
(-0.47008293776461796 -0.17023133786148267 5.5000586476649751)
(-0.35355339059300001 -0.35355339059300001 5.4983902383097139)
(0.34433244926215745 -0.36233245654731877 5.4994577100243642)
(0.458536514182602 -0.19901932983932441 5.4994648702178965)
(2 -0.51576999681831204 5.5157699968183351)
(-2 0 5.5172831286671942)
(-0.5 6.1232339957400004e-17 5.5016698080513606)
(0.5 0 5.4997886443602848)
(2 0 5.5172831286671942)
(-2 0.51576999681832136 5.5157699968183351)
(-0.47049831983980328 0.16915450032393853 5.5004977479644239)
(-0.36244892205316881 0.34421012171591298 5.4990379840812498)
(0.35355339059300001 0.35355339059300001 5.4999947315543576)
(0.45866504660589336 0.19872936533858815 5.499876395685007)
(2 0.51576999681832136 5.5157699968183351)
(-2 1.1308503105085448 5.5129125511306096)
(-1 1 5.5)
(-0.19905586103127573 0.45852032101890333 5.4992894684545623)
(3.0616169978700002e-17 0.5 5.4997886443523711)
(0.19872936533864696 0.45866504660586732 5.4998763956771404)
(1 1 5.5)
(2 1.1308503105085448 5.5129125511306096)
(-2 1.9319783296131243 5.5122154697003873)
(-1.1308503105085446 2 5.5129125511306096)
(-0.51576999681831204 2 5.5157699968183351)
(0 2 5.5172831286671942)
(0.51576999681832136 2 5.5157699968183351)
(1.1308503105085448 2 5.5129125511306096)
(2 1.9319783296131243 5.5122154697003811)
(-2 -1.9319394577171758 6.1179160660825413)
(-1.1160146358630039 -2 6.1211433098237968)
(-0.50910637147976279 -2 6.1290746503928935)
(0 -2 6.1312802647538387)
(0.50910637147976301 -2 6.1290746503928926)
(1.1160146358630039 -2 6.1211433098237968)
(1.9319394577171769 -2 6.1179160660825405)
(-2 -1.1160146358630039 6.1211433098237968)
(-1 -1 6)
(-0.17436743169074687 -0.46848747031659482 6)
(-9.1848509936099999e-17 -0.5 6)
(0.17331972794836037 -0.46889161424687092 6)
(1 -1 6)
(2 -1.1160146358630039 6.1211433098237968)
(-2 -0.50910637147976279 6.1290746503928935)
(-0.46852263058709032 -0.17427628211698912 6)
(-0.35355339059300001 -0.35355339059300001 5.9976057919821315)
(0.34809214951755807 -0.35875292433619521 5.9991522196877085)
(0.45866504660589336 -0.19872936533858815 5.9989847735665052)
(2 -0.50910637147976279 6.1290746503928935)
(-2 0 6.1312802647538387)
(-0.5 6.1232339957400004e-17 6)
(0.5 0 5.9956016747425682)
(2 0 6.1312802647538387)
(-2 0.50910637147976301 6.1290746503928926)
(-0.46885347126552357 0.17341860990924032 6)
(-0.3587334936142143 0.34811255824308018 5.9991254724141196)
(0.35355339059300001 0.35355339059300001 6)
(0.45888456095145491 0.19823414891003852 5.9999528028171154)
(2 0.50910637147976301 6.1290746503928926)
(-2 1.1160146358630039 6.1211433098237968)
(-1 1 6)
(-0.19872936533852933 0.45866504660591945 5.998917537632277)
(3.0616169978700002e-17 0.5 5.9956016747348508)
(0.19823414890992086 0.45888456095150704 5.9999528028171163)
(1 1 6)
(2 1.1160146358630039 6.1211433098237968)
(-2 1.9319394577171769 6.1179160660825405)
(-1.1160146358630039 2 6.1211433098237968)
(-0.50910637147976279 2 6.1290746503928935)
(0 2 6.1312802647538387)
(0.50910637147976301 2 6.1290746503928926)
(1.1160146358630039 2 6.1211433098237968)
(2 1.9319394577171769 6.1179160660825405)
(-1.9266272684152317 -1.9266272684152317 7)
(-1.0520006836569646 -1.931045848248496 7)
(-0.4652774438311138 -1.9304608685947038 7)
(0 -1.9305107620022817 7)
(0.46527744383111536 -1.9304608685947038 7)
(1.0520006836569591 -1.931045848248496 7)
(1.9266272684152304 -1.9266272684152304 7)
(-1.931045848248496 -1.0520006836569578 7)
(-1.0073541845678804 -1.0073541845678804 7)
(-0.19302576024511131 -0.55243211507062995 7)
(-2.2056557691385592e-08 -0.57206414710873932 7)
(0.19299403370865953 -0.55244610671439931 7)
(1.0073525396276914 -1.0073613656299982 7)
(1.9310458639421419 -1.0520032042451533 7)
(-1.9304608685947038 -0.4652774438311138 7)
(-0.55243226880552188 -0.19302523208691857 7)
(-0.37425005140118373 -0.3742499015828793 7)
(0.37314196745049832 -0.3753851064137268 7)
(0.55234874661513755 -0.19331864771619633 7)
(1.9304607440441979 -0.46527570004354057 7)
(-1.9305107620022817 0 7)
(-0.57206414710873954 2.2056557913430197e-08 7)
(0.57195464364390958 0 7)
(1.9305105066132695 0 7)
(-1.9304608685947038 0.46527744383111536 7)
(-0.55244587413759039 0.19299470345441661 7)
(-0.37537927118234471 0.37314813484270326 7)
(0.37433044398149073 0.37433044398149073 7)
(0.55236221714344191 0.19328738117352406 7)
(1.9304607440441979 0.46527570004354146 7)
(-1.931045848248496 1.0520006836569591 7)
(-1.0073613656299991 1.0073525396276914 7)
(-0.19331862424598212 0.55234874284078428 7)
(0 0.5719546436439078 7)
(0.19328738117350408 0.5523622171434468 7)
(1.0073662781603776 1.0073662781603776 7)
(1.9310458639421419 1.0520032042451533 7)
(-1.9266272684152304 1.9266272684152304 7)
(-1.052003204245155 1.9310458639421419 7)
(-0.46527570004354235 1.9304607440441979 7)
(0 1.9305105066132695 7)
(0.4652757000435459 1.9304607440441979 7)
(1.0520032042451533 1.9310458639421419 7)
(1.9266272684152304 1.9266272684152304 7)
)
