Linux 7.0.0-34-generic (flavio-work-laptop) 	09/29/26 	_x86_64_	(20 CPU)

14:40:01      runq-sz  plist-sz   ldavg-1   ldavg-5  ldavg-15   blocked
14:50:01           29      2073     21.62     19.37     19.13         0
15:00:00           26      2064     19.64     19.27     19.11         0
15:10:01           33      2087     21.19     19.31     19.10         0
15:20:02           41      2209     28.72     25.70     22.27         0
15:30:01           37      2285     27.80     26.59     24.40         0
15:40:02           13      2290     31.11     27.05     24.94         0
15:50:00           22      2258     25.69     26.38     25.70         0
16:00:01           34      2307     27.02     27.18     26.14         0
16:10:03           15      2382     21.29     24.43     25.47         0
16:20:00           28      2337     29.57     28.13     26.49         0
16:30:00           42      2303     29.35     26.84     26.19         0
16:40:02           37      2334     24.82     26.07     26.21         0
16:50:00           27      2322     30.66     27.20     26.30         0
17:00:01           32      2312     26.88     27.48     26.87         0
17:10:03           32      2330     26.72     27.21     26.74         0
17:20:00           14      2381     23.28     27.65     27.36         0
17:30:02           16      2371     28.84     29.00     28.23         0
17:40:00           33      2466     26.62     27.98     27.96         1
17:50:02           16      2422     34.11     31.18     29.36         0
18:00:01           17      2468     22.42     28.10     29.14         0
18:10:00           37      2405     29.11     29.91     29.63         0
18:20:02           26      2398     31.77     31.50     30.50         0
18:30:01           36      2420     30.15     28.49     28.78         0
18:40:02           44      2423     35.69     31.42     29.68         0
18:50:00           31      2409     25.32     27.20     28.26         0
19:00:01           37      2334     27.97     28.01     28.04         0
19:10:02           20      2341     28.93     26.70     27.32         0
19:20:00           31      2466     32.67     30.13     28.73         0
19:30:02           12      2401     19.82     25.92     27.73         0
19:40:00           35      2378     25.45     27.21     27.56         0
19:50:02           38      2419     28.30     29.00     28.43         0
20:00:00           41      2409     28.59     27.47     27.30         0
20:10:01           45      2430     32.19     31.86     29.83         0
20:20:00           26      2385     26.61     26.43     27.75         0
20:30:01           22      2386     31.28     30.04     28.91         0
20:40:00           15      2410     28.14     26.29     27.86         0
20:50:01           18      2421     29.04     30.17     29.27         0
21:00:00           22      2567     27.15     29.56     29.57         0
21:10:00           34      2424     33.53     29.82     29.25         0
21:20:01           17      2435     29.65     30.03     29.58         0
21:30:01           24      2460     34.56     31.20     29.72         0
21:40:02           37      2483     32.78     32.83     31.43         0
21:50:01           32      2483     20.86     26.80     29.61         0
22:00:02           39      2439     31.15     32.37     31.41         0
22:10:00           47      2464     33.00     31.59     31.35         0
22:20:02           17      2445     26.15     28.72     29.63         0
Average:           29      2370     27.98     27.89     27.48         0

14:40:01     %scpu-10  %scpu-60 %scpu-300     %scpu
14:50:01        15.48     16.92     15.86     16.45
15:00:00        19.74     17.33     15.29     14.89
15:10:01        23.58     16.93     15.06     15.37
15:20:02        30.77     27.23     22.57     22.25
15:30:01        26.75     27.52     27.24     27.93
15:40:02        21.71     26.16     25.11     22.63
15:50:00        19.56     24.51     25.74     26.60
16:00:01        29.55     27.33     24.92     22.87
16:10:03         2.43     10.67     20.96     23.79
16:20:00        30.08     30.75     27.35     25.82
16:30:00        34.76     28.67     25.22     23.52
16:40:02        31.11     26.23     25.25     25.68
16:50:00        32.52     30.37     25.52     23.27
17:00:01        19.06     23.67     25.53     26.53
17:10:03        34.97     27.75     26.82     25.41
17:20:00         3.97     18.74     26.20     27.14
17:30:02        19.57     25.60     26.72     27.09
17:40:00        17.36     19.75     25.31     26.48
17:50:02        25.94     32.32     30.32     29.60
18:00:01         4.56     10.60     24.26     28.62
18:10:00        29.61     28.53     28.05     28.41
18:20:02        27.38     31.02     31.32     31.53
18:30:01        20.07     27.28     26.35     22.91
18:40:02        31.92     33.66     31.59     31.60
18:50:00        19.91     26.37     25.58     24.49
19:00:01        25.57     28.08     27.89     28.44
19:10:02        22.37     26.38     22.52     22.68
19:20:00        40.31     34.23     30.58     31.38
19:30:02         1.66      5.55     19.37     23.58
19:40:00        29.45     27.69     27.10     28.61
19:50:02        20.22     28.04     29.63     30.15
20:00:00        25.59     29.21     26.81     22.89
20:10:01        28.39     29.92     29.73     30.53
20:20:00        24.17     25.95     22.78     21.61
20:30:01        20.15     28.80     28.06     28.92
20:40:00        45.48     28.56     22.02     24.00
20:50:01        24.70     29.30     29.23     30.66
21:00:00        16.38     25.96     30.75     32.63
21:10:00        31.54     30.85     28.86     26.49
21:20:01        22.71     30.08     30.37     30.72
21:30:01        39.25     35.47     28.69     25.50
21:40:02        41.61     35.73     33.42     34.39
21:50:01        11.76      7.26     20.27     25.34
22:00:02        33.89     34.43     33.14     35.73
22:10:00        28.35     31.32     33.52     35.05
22:20:02         2.75     19.67     25.87     23.97
Average:        24.10     25.83     26.19     26.40

14:40:01      %sio-10   %sio-60  %sio-300      %sio   %fio-10   %fio-60  %fio-300      %fio
14:50:01         0.00      0.00      0.00      0.03      0.00      0.00      0.00      0.01
15:00:00         0.00      0.00      0.00      0.03      0.00      0.00      0.00      0.02
15:10:01         0.00      0.00      0.00      0.03      0.00      0.00      0.00      0.02
15:20:02         0.00      0.00      0.00      0.08      0.00      0.00      0.00      0.04
15:30:01         0.00      0.00      0.00      0.06      0.00      0.00      0.00      0.03
15:40:02         0.00      0.00      0.00      0.11      0.00      0.00      0.00      0.06
15:50:00         0.00      0.00      0.00      0.03      0.00      0.00      0.00      0.01
16:00:01         0.00      0.00      0.01      0.26      0.00      0.00      0.00      0.16
16:10:03         0.03      0.02      0.00      0.09      0.00      0.00      0.00      0.04
16:20:00         0.00      0.00      0.00      0.06      0.00      0.00      0.00      0.03
16:30:00         0.00      0.00      0.00      0.06      0.00      0.00      0.00      0.03
16:40:02         0.00      0.00      0.00      0.02      0.00      0.00      0.00      0.01
16:50:00         0.00      0.00      0.00      0.10      0.00      0.00      0.00      0.06
17:00:01         0.00      0.00      0.00      0.07      0.00      0.00      0.00      0.03
17:10:03         0.00      0.00      0.00      0.05      0.00      0.00      0.00      0.02
17:20:00         0.71      0.43      0.17      0.19      0.41      0.20      0.05      0.08
17:30:02         0.00      0.00      0.00      0.10      0.00      0.00      0.00      0.05
17:40:00         0.12      0.04      0.00      0.09      0.00      0.00      0.00      0.03
17:50:02         0.00      0.00      0.00      0.11      0.00      0.00      0.00      0.06
18:00:01         0.00      0.01      0.00      0.11      0.00      0.00      0.00      0.05
18:10:00         0.00      0.00      0.00      0.08      0.00      0.00      0.00      0.04
18:20:02         0.00      0.00      0.00      0.03      0.00      0.00      0.00      0.01
18:30:01         0.00      0.00      0.00      0.07      0.00      0.00      0.00      0.04
18:40:02         0.18      0.03      0.00      0.06      0.00      0.00      0.00      0.01
18:50:00         0.00      0.00      0.01      0.19      0.00      0.00      0.00      0.10
19:00:01         0.00      0.00      0.00      0.03      0.00      0.00      0.00      0.01
19:10:02         0.00      0.00      0.00      0.08      0.00      0.00      0.00      0.05
19:20:00         0.00      0.00      0.00      0.05      0.00      0.00      0.00      0.02
19:30:02         0.00      0.01      0.00      0.13      0.00      0.01      0.00      0.05
19:40:00         0.00      0.06      0.04      0.09      0.00      0.00      0.00      0.02
19:50:02         0.00      0.02      0.00      0.08      0.00      0.00      0.00      0.02
20:00:00         0.01      0.06      0.01      0.07      0.00      0.00      0.00      0.04
20:10:01         0.00      0.00      0.00      0.18      0.00      0.00      0.00      0.07
20:20:00         0.00      0.00      0.00      0.15      0.00      0.00      0.00      0.08
20:30:01         0.00      0.00      0.00      0.03      0.00      0.00      0.00      0.01
20:40:00         0.24      0.06      0.01      0.14      0.00      0.00      0.00      0.08
20:50:01         0.00      0.00      0.00      0.07      0.00      0.00      0.00      0.03
21:00:00         0.00      0.00      0.00      0.04      0.00      0.00      0.00      0.01
21:10:00         0.00      0.00      0.00      0.22      0.00      0.00      0.00      0.10
21:20:01         0.00      0.00      0.00      0.11      0.00      0.00      0.00      0.04
21:30:01         0.00      0.00      0.00      0.15      0.00      0.00      0.00      0.06
21:40:02         0.00      0.00      0.00      0.04      0.00      0.00      0.00      0.01
21:50:01         0.03      0.03      0.00      0.11      0.03      0.02      0.00      0.06
22:00:02         0.00      0.00      0.00      0.10      0.00      0.00      0.00      0.03
22:10:00         0.00      0.00      0.00      0.05      0.00      0.00      0.00      0.02
22:20:02         0.00      0.00      0.00      0.17      0.00      0.00      0.00      0.09
Average:         0.03      0.02      0.01      0.09      0.01      0.01      0.00      0.04

14:40:01     %smem-10  %smem-60 %smem-300     %smem  %fmem-10  %fmem-60 %fmem-300     %fmem
14:50:01         0.00      0.01      0.38      0.45      0.00      0.01      0.38      0.45
15:00:00         0.00      0.14      0.59      0.91      0.00      0.14      0.59      0.91
15:10:01         0.00      0.88      0.83      0.90      0.00      0.88      0.83      0.90
15:20:02         0.00      0.01      0.30      0.37      0.00      0.01      0.29      0.35
15:30:01         0.00      0.03      0.18      0.26      0.00      0.02      0.11      0.19
15:40:02         0.00      0.00      0.18      0.59      0.00      0.00      0.13      0.48
15:50:00         0.04      0.02      0.00      0.05      0.04      0.02      0.00      0.05
16:00:01         0.00      0.00      0.33      1.17      0.00      0.00      0.27      0.99
16:10:03         2.85      1.91      0.62      0.46      2.69      1.67      0.53      0.40
16:20:00         0.08      0.30      0.33      0.50      0.08      0.24      0.28      0.46
16:30:00         0.00      0.00      0.39      0.89      0.00      0.00      0.36      0.83
16:40:02         0.00      0.00      0.02      0.00      0.00      0.00      0.01      0.00
16:50:00         0.35      1.51      1.05      1.26      0.26      1.01      0.83      1.10
17:00:01         0.13      0.05      0.12      0.08      0.00      0.00      0.07      0.03
17:10:03         0.00      0.00      0.07      0.35      0.00      0.00      0.04      0.27
17:20:00         5.51      3.50      1.06      0.73      4.78      2.86      0.83      0.59
17:30:02         0.00      0.00      0.11      0.03      0.00      0.00      0.07      0.01
17:40:00         2.66      1.42      0.39      0.27      2.19      1.10      0.30      0.21
17:50:02         0.00      0.00      0.15      0.52      0.00      0.00      0.12      0.45
18:00:01         2.30      2.07      0.87      0.87      2.30      1.91      0.74      0.70
18:10:00         0.00      0.00      0.14      0.28      0.00      0.00      0.12      0.25
18:20:02         0.00      0.00      0.00      0.00      0.00      0.00      0.00      0.00
18:30:01         0.04      0.03      0.31      0.91      0.00      0.00      0.26      0.80
18:40:02         3.15      1.81      0.73      0.52      1.52      0.92      0.37      0.31
18:50:00         0.00      0.02      0.54      1.12      0.00      0.01      0.39      0.88
19:00:01         0.00      0.00      0.04      0.03      0.00      0.00      0.02      0.01
19:10:02         0.00      0.18      0.71      0.93      0.00      0.17      0.64      0.84
19:20:00         0.00      0.00      0.06      0.01      0.00      0.00      0.05      0.00
19:30:02         2.42      2.43      1.01      0.71      2.38      2.23      0.90      0.63
19:40:00         0.00      0.00      0.13      0.16      0.00      0.00      0.11      0.13
19:50:02         0.54      1.76      0.95      0.80      0.40      1.24      0.61      0.56
20:00:00         0.00      0.02      0.38      0.86      0.00      0.00      0.30      0.79
20:10:01         0.00      0.03      0.09      0.12      0.00      0.03      0.07      0.11
20:20:00         0.00      0.27      0.89      1.39      0.00      0.07      0.70      1.17
20:30:01         0.00      0.00      0.08      0.02      0.00      0.00      0.06      0.01
20:40:00         0.00      1.02      1.16      1.10      0.00      0.97      1.06      1.00
20:50:01         0.00      0.00      0.11      0.03      0.00      0.00      0.10      0.01
21:00:00         2.77      1.24      0.31      0.19      2.00      0.95      0.24      0.14
21:10:00         0.00      0.14      0.94      1.80      0.00      0.12      0.74      1.50
21:20:01         0.00      0.00      0.10      0.03      0.00      0.00      0.06      0.01
21:30:01         0.00      0.04      0.62      1.22      0.00      0.03      0.50      1.03
21:40:02         0.00      0.00      0.05      0.02      0.00      0.00      0.03      0.00
21:50:01         0.92      2.22      1.43      1.17      0.92      2.10      1.25      1.02
22:00:02         0.00      0.00      0.15      0.03      0.00      0.00      0.13      0.01
22:10:00         0.00      0.00      0.00      0.03      0.00      0.00      0.00      0.01
22:20:02         0.00      0.01      0.49      1.23      0.00      0.00      0.40      1.04
Average:         0.52      0.50      0.42      0.55      0.43      0.41      0.35      0.47
