Linux 7.0.0-34-generic (flavio-work-laptop) 	09/29/26 	_x86_64_	(20 CPU)

14:40:01        CPU     %user     %nice   %system   %iowait    %steal     %idle
14:50:01        all     74.96      0.00      3.05      0.01      0.00     21.97
15:00:00        all     71.12      0.00      3.36      0.02      0.00     25.51
15:10:01        all     71.13      0.00      3.73      0.02      0.00     25.12
15:20:02        all     78.95      0.00      6.08      0.04      0.00     14.93
15:30:01        all     83.34      0.00      6.64      0.03      0.00     10.00
15:40:02        all     78.71      0.00      7.40      0.06      0.00     13.83
15:50:00        all     82.81      0.00      6.75      0.01      0.00     10.43
16:00:01        all     77.30      0.00      7.59      0.16      0.00     14.94
16:10:03        all     79.91      0.00      7.49      0.04      0.00     12.57
16:20:00        all     81.30      0.00      6.59      0.03      0.00     12.08
16:30:00        all     80.23      0.00      7.73      0.03      0.00     12.01
16:40:02        all     82.22      0.00      6.38      0.01      0.00     11.39
16:50:00        all     77.59      0.00      7.83      0.05      0.00     14.54
17:00:01        all     82.26      0.00      6.53      0.03      0.00     11.18
17:10:03        all     80.69      0.00      7.01      0.02      0.00     12.27
17:20:00        all     81.03      0.00      7.50      0.08      0.00     11.39
17:30:02        all     83.02      0.00      7.12      0.05      0.00      9.80
17:40:00        all     83.49      0.00      7.38      0.03      0.00      9.10
17:50:02        all     86.49      0.00      7.78      0.05      0.00      5.67
18:00:01        all     85.79      0.00      7.70      0.04      0.00      6.47
18:10:00        all     85.70      0.00      6.97      0.03      0.00      7.29
18:20:02        all     85.88      0.70      6.50      0.01      0.00      6.91
18:30:01        all     78.39      2.74      8.35      0.03      0.00     10.48
18:40:02        all     83.05      3.37      7.20      0.01      0.00      6.37
18:50:00        all     78.60      3.55      8.48      0.10      0.00      9.27
19:00:01        all     81.61      3.50      6.72      0.01      0.00      8.16
19:10:02        all     74.40      6.37      8.11      0.05      0.00     11.07
19:20:00        all     80.75      6.87      6.82      0.02      0.00      5.55
19:30:02        all     77.63      4.49      8.49      0.05      0.00      9.35
19:40:00        all     79.19      6.53      6.73      0.02      0.00      7.53
19:50:02        all     79.27      6.48      7.24      0.02      0.00      6.98
20:00:00        all     74.64      6.12      7.74      0.03      0.00     11.46
20:10:01        all     79.27      7.40      7.31      0.07      0.00      5.95
20:20:00        all     72.93      7.37      8.39      0.08      0.00     11.23
20:30:01        all     79.20      7.07      6.39      0.01      0.00      7.32
20:40:00        all     75.73      6.40      8.75      0.08      0.00      9.04
20:50:01        all     80.56      6.43      7.02      0.03      0.00      5.95
21:00:00        all     79.36      9.55      6.77      0.01      0.00      4.32
21:10:00        all     77.44      5.23      9.04      0.09      0.00      8.19
21:20:01        all     81.91      4.93      7.10      0.03      0.00      6.03
21:30:01        all     79.93      3.12      8.50      0.06      0.00      8.39
21:40:02        all     87.23      3.04      6.18      0.01      0.00      3.55
21:50:01        all     83.53      1.80      8.09      0.06      0.00      6.53
22:00:02        all     87.84      2.77      6.27      0.03      0.00      3.09
22:10:00        all     86.82      3.26      6.45      0.02      0.00      3.45
22:20:02        all     82.82      1.06      8.50      0.09      0.00      7.53
Average:        all     80.35      2.61      7.08      0.04      0.00      9.92
