/*--------------------------------*- C++ -*----------------------------------*\
| =========                 |                                                 |
| \\      /  F ield         | OpenFOAM: The Open Source CFD Toolbox           |
|  \\    /   O peration     | Version:  2412                                  |
|   \\  /    A nd           | Website:  www.openfoam.com                      |
|    \\/     M anipulation  |                                                 |
\*---------------------------------------------------------------------------*/
FoamFile
{
    version     2.0;
    format      ascii;
    arch        "LSB;label=32;scalar=64";
    class       faceList;
    location    "constant/polyMesh";
    object      faces;
}
// * * * * * * * * * * * * * * * * * * * * * * * * * * * * * * * * * * * * * //


2416
(
4(649 671 678 656)
4(1 3 7 5)
4(669 676 678 671)
4(2 6 7 3)
4(655 657 679 677)
4(4 5 7 6)
4(8 9 14 12)
4(676 677 679 678)
4(3 7 14 9)
4(676 678 682 680)
4(5 12 14 7)
4(10 11 15 13)
4(671 675 682 678)
4(673 680 682 675)
4(677 679 683 681)
4(12 13 15 14)
4(680 681 683 682)
4(3 17 21 7)
4(16 20 21 17)
4(649 663 685 671)
4(6 7 21 20)
4(662 684 685 663)
4(670 671 685 684)
4(18 22 23 19)
4(664 686 687 665)
4(20 21 23 22)
4(684 685 687 686)
4(671 685 689 675)
4(684 688 689 685)
4(7 14 25 21)
4(674 675 689 688)
4(5 7 29 27)
4(686 690 691 687)
4(6 28 29 7)
4(26 27 29 28)
4(688 689 691 690)
4(27 29 33 31)
4(671 678 692 685)
4(28 32 33 29)
4(30 31 33 32)
4(12 14 36 34)
4(675 682 693 689)
4(7 29 36 14)
4(27 34 36 29)
4(13 15 37 35)
4(673 675 697 695)
4(674 696 697 675)
4(34 35 37 36)
4(34 36 40 38)
4(694 695 697 696)
4(29 33 40 36)
4(31 38 40 33)
4(35 37 41 39)
4(695 697 701 699)
4(696 700 701 697)
4(38 39 41 40)
4(698 699 701 700)
4(7 21 43 29)
4(20 42 43 21)
4(28 29 43 42)
4(680 682 704 702)
4(675 697 704 682)
4(22 44 45 23)
4(42 43 45 44)
4(695 702 704 697)
4(29 43 47 33)
4(42 46 47 43)
4(32 33 47 46)
4(681 683 705 703)
4(702 703 705 704)
4(44 48 49 45)
4(46 47 49 48)
4(702 704 708 706)
4(697 701 708 704)
4(29 36 50 43)
4(699 706 708 701)
4(703 705 709 707)
4(33 40 51 47)
4(706 707 709 708)
4(31 33 55 53)
4(675 689 711 697)
4(32 54 55 33)
4(52 53 55 54)
4(688 710 711 689)
4(53 55 59 57)
4(696 697 711 710)
4(54 58 59 55)
4(56 57 59 58)
4(38 40 62 60)
4(690 712 713 691)
4(33 55 62 40)
4(53 60 62 55)
4(39 41 63 61)
4(710 711 713 712)
4(697 711 715 701)
4(60 61 63 62)
4(60 62 66 64)
4(710 714 715 711)
4(55 59 66 62)
4(57 64 66 59)
4(61 63 67 65)
4(700 701 715 714)
4(712 716 717 713)
4(64 65 67 66)
4(714 715 717 716)
4(33 47 69 55)
4(46 68 69 47)
4(54 55 69 68)
4(697 704 718 711)
4(701 708 719 715)
4(48 70 71 49)
4(68 69 71 70)
4(699 701 723 721)
4(55 69 73 59)
4(68 72 73 69)
4(58 59 73 72)
4(700 722 723 701)
4(720 721 723 722)
4(70 74 75 71)
4(72 73 75 74)
4(721 723 727 725)
4(722 726 727 723)
4(55 62 76 69)
4(724 725 727 726)
4(706 708 730 728)
4(59 66 77 73)
4(701 723 730 708)
4(57 59 81 79)
4(721 728 730 723)
4(58 80 81 59)
4(78 79 81 80)
4(707 709 731 729)
4(79 81 85 83)
4(728 729 731 730)
4(80 84 85 81)
4(82 83 85 84)
4(64 66 88 86)
4(728 730 734 732)
4(59 81 88 66)
4(79 86 88 81)
4(65 67 89 87)
4(723 727 734 730)
4(725 732 734 727)
4(86 87 89 88)
4(86 88 92 90)
4(729 731 735 733)
4(81 85 92 88)
4(83 90 92 85)
4(87 89 93 91)
4(732 733 735 734)
4(701 715 737 723)
4(90 91 93 92)
4(714 736 737 715)
4(59 73 95 81)
4(72 94 95 73)
4(80 81 95 94)
4(722 723 737 736)
4(716 738 739 717)
4(74 96 97 75)
4(94 95 97 96)
4(736 737 739 738)
4(81 95 99 85)
4(94 98 99 95)
4(84 85 99 98)
4(723 737 741 727)
4(736 740 741 737)
4(96 100 101 97)
4(98 99 101 100)
4(726 727 741 740)
4(738 742 743 739)
4(81 88 102 95)
4(740 741 743 742)
4(723 730 744 737)
4(85 92 103 99)
4(727 734 745 741)
4(83 85 107 105)
4(725 727 749 747)
4(84 106 107 85)
4(104 105 107 106)
4(726 748 749 727)
4(105 107 111 109)
4(746 747 749 748)
4(106 110 111 107)
4(108 109 111 110)
4(90 92 114 112)
4(747 749 753 751)
4(85 107 114 92)
4(105 112 114 107)
4(91 93 115 113)
4(748 752 753 749)
4(750 751 753 752)
4(112 113 115 114)
4(112 114 118 116)
4(732 734 756 754)
4(107 111 118 114)
4(109 116 118 111)
4(113 115 119 117)
4(727 749 756 734)
4(747 754 756 749)
4(116 117 119 118)
4(733 735 757 755)
4(85 99 121 107)
4(98 120 121 99)
4(106 107 121 120)
4(754 755 757 756)
4(754 756 760 758)
4(100 122 123 101)
4(120 121 123 122)
4(749 753 760 756)
4(107 121 125 111)
4(120 124 125 121)
4(110 111 125 124)
4(751 758 760 753)
4(755 757 761 759)
4(122 126 127 123)
4(124 125 127 126)
4(758 759 761 760)
4(727 741 763 749)
4(107 114 128 121)
4(740 762 763 741)
4(748 749 763 762)
4(111 118 129 125)
4(742 764 765 743)
4(109 111 133 131)
4(762 763 765 764)
4(110 132 133 111)
4(130 131 133 132)
4(749 763 767 753)
4(131 133 137 135)
4(762 766 767 763)
4(132 136 137 133)
4(134 135 137 136)
4(116 118 140 138)
4(752 753 767 766)
4(111 133 140 118)
4(131 138 140 133)
4(117 119 141 139)
4(764 768 769 765)
4(766 767 769 768)
4(138 139 141 140)
4(138 140 144 142)
4(749 756 770 763)
4(133 137 144 140)
4(135 142 144 137)
4(139 141 145 143)
4(753 760 771 767)
4(751 753 775 773)
4(142 143 145 144)
4(752 774 775 753)
4(111 125 147 133)
4(124 146 147 125)
4(132 133 147 146)
4(758 760 778 776)
4(753 775 778 760)
4(126 148 149 127)
4(146 147 149 148)
4(759 761 779 777)
4(133 147 151 137)
4(146 150 151 147)
4(136 137 151 150)
4(753 767 781 775)
4(766 780 781 767)
4(148 152 153 149)
4(150 151 153 152)
4(768 782 783 769)
4(318 320 787 785)
4(133 140 154 147)
4(625 785 787 627)
4(319 321 788 786)
4(137 144 155 151)
4(320 787 788 321)
4(135 137 159 157)
4(785 786 788 787)
4(136 158 159 137)
4(156 157 159 158)
4(785 787 791 789)
4(157 159 163 161)
4(629 789 791 631)
4(158 162 163 159)
4(160 161 163 162)
4(142 144 166 164)
4(786 788 792 790)
4(137 159 166 144)
4(157 164 166 159)
4(143 145 167 165)
4(787 791 792 788)
4(789 790 792 791)
4(164 165 167 166)
4(164 166 170 168)
4(321 788 794 325)
4(159 163 170 166)
4(161 168 170 163)
4(165 167 171 169)
4(786 793 794 788)
4(788 792 796 794)
4(168 169 171 170)
4(790 795 796 792)
4(137 151 173 159)
4(150 172 173 151)
4(158 159 173 172)
4(321 330 798 788)
4(787 788 798 797)
4(152 174 175 153)
4(172 173 175 174)
4(788 798 801 792)
4(159 173 177 163)
4(172 176 177 173)
4(162 163 177 176)
4(791 792 801 800)
4(330 798 803 334)
4(174 178 179 175)
4(176 177 179 178)
4(788 794 803 798)
4(331 799 804 335)
4(159 166 180 173)
4(798 803 804 799)
4(798 801 805 803)
4(163 170 181 177)
4(182 183 188 186)
4(792 796 805 801)
4(799 802 806 804)
4(801 805 806 802)
4(13 186 188 15)
4(184 185 189 187)
4(789 791 809 807)
4(183 188 189 185)
4(651 807 809 653)
4(186 187 189 188)
4(790 792 810 808)
4(791 809 810 792)
4(185 189 193 191)
4(807 808 810 809)
4(187 192 193 189)
4(807 809 813 811)
4(185 195 197 189)
4(655 811 813 657)
4(808 810 814 812)
4(188 189 197 196)
4(809 813 814 810)
4(195 197 202 200)
4(811 812 814 813)
4(189 193 202 197)
4(792 810 816 796)
4(808 815 816 810)
4(198 199 203 201)
4(810 814 818 816)
4(197 202 203 199)
4(186 188 206 204)
4(812 817 818 814)
4(792 801 820 810)
4(35 204 206 37)
4(187 189 207 205)
4(809 810 820 819)
4(188 206 207 189)
4(204 205 207 206)
4(204 206 210 208)
4(810 820 823 814)
4(813 814 823 822)
4(39 208 210 41)
4(205 207 211 209)
4(801 820 825 805)
4(206 210 211 207)
4(208 209 211 210)
4(810 816 825 820)
4(802 821 826 806)
4(189 207 213 193)
4(205 212 213 207)
4(820 825 826 821)
4(820 823 827 825)
4(207 211 215 213)
4(209 214 215 211)
4(814 818 827 823)
4(189 197 217 207)
4(821 824 828 826)
4(206 207 217 216)
4(823 827 828 824)
4(207 217 220 211)
4(811 813 831 829)
4(210 211 220 219)
4(677 829 831 679)
4(197 217 222 202)
4(207 213 222 217)
4(812 814 832 830)
4(813 831 832 814)
4(199 218 223 203)
4(217 222 223 218)
4(829 830 832 831)
4(217 220 224 222)
4(211 215 224 220)
4(829 831 835 833)
4(681 833 835 683)
4(218 221 225 223)
4(220 224 225 221)
4(208 210 228 226)
4(830 832 836 834)
4(831 835 836 832)
4(61 226 228 63)
4(209 211 229 227)
4(833 834 836 835)
4(210 228 229 211)
4(226 227 229 228)
4(226 228 232 230)
4(814 832 838 818)
4(830 837 838 832)
4(65 230 232 67)
4(227 229 233 231)
4(832 836 840 838)
4(228 232 233 229)
4(230 231 233 232)
4(834 839 840 836)
4(814 823 842 832)
4(211 229 235 215)
4(227 234 235 229)
4(831 832 842 841)
4(832 842 845 836)
4(229 233 237 235)
4(231 236 237 233)
4(835 836 845 844)
4(211 220 239 229)
4(823 842 847 827)
4(228 229 239 238)
4(832 838 847 842)
4(229 239 242 233)
4(824 843 848 828)
4(232 233 242 241)
4(842 847 848 843)
4(220 239 244 224)
4(229 235 244 239)
4(842 845 849 847)
4(836 840 849 845)
4(221 240 245 225)
4(239 244 245 240)
4(843 846 850 848)
4(239 242 246 244)
4(233 237 246 242)
4(845 849 850 846)
4(833 835 853 851)
4(240 243 247 245)
4(242 246 247 243)
4(230 232 250 248)
4(703 851 853 705)
4(834 836 854 852)
4(87 248 250 89)
4(231 233 251 249)
4(835 853 854 836)
4(232 250 251 233)
4(248 249 251 250)
4(248 250 254 252)
4(851 852 854 853)
4(851 853 857 855)
4(91 252 254 93)
4(249 251 255 253)
4(707 855 857 709)
4(250 254 255 251)
4(252 253 255 254)
4(852 854 858 856)
4(853 857 858 854)
4(233 251 257 237)
4(249 256 257 251)
4(855 856 858 857)
4(836 854 860 840)
4(251 255 259 257)
4(253 258 259 255)
4(852 859 860 854)
4(233 242 261 251)
4(854 858 862 860)
4(250 251 261 260)
4(856 861 862 858)
4(251 261 264 255)
4(836 845 864 854)
4(254 255 264 263)
4(853 854 864 863)
4(242 261 266 246)
4(251 257 266 261)
4(854 864 867 858)
4(857 858 867 866)
4(243 262 267 247)
4(261 266 267 262)
4(845 864 869 849)
4(261 264 268 266)
4(255 259 268 264)
4(854 860 869 864)
4(846 865 870 850)
4(262 265 269 267)
4(264 268 269 265)
4(252 254 272 270)
4(864 869 870 865)
4(864 867 871 869)
4(113 270 272 115)
4(253 255 273 271)
4(858 862 871 867)
4(254 272 273 255)
4(270 271 273 272)
4(270 272 276 274)
4(865 868 872 870)
4(867 871 872 868)
4(117 274 276 119)
4(271 273 277 275)
4(855 857 875 873)
4(272 276 277 273)
4(274 275 277 276)
4(729 873 875 731)
4(856 858 876 874)
4(255 273 279 259)
4(271 278 279 273)
4(857 875 876 858)
4(873 874 876 875)
4(273 277 281 279)
4(275 280 281 277)
4(873 875 879 877)
4(255 264 283 273)
4(733 877 879 735)
4(272 273 283 282)
4(874 876 880 878)
4(273 283 286 277)
4(875 879 880 876)
4(276 277 286 285)
4(877 878 880 879)
4(264 283 288 268)
4(273 279 288 283)
4(858 876 882 862)
4(874 881 882 876)
4(265 284 289 269)
4(283 288 289 284)
4(876 880 884 882)
4(283 286 290 288)
4(277 281 290 286)
4(878 883 884 880)
4(858 867 886 876)
4(284 287 291 289)
4(286 290 291 287)
4(274 276 294 292)
4(875 876 886 885)
4(876 886 889 880)
4(139 292 294 141)
4(275 277 295 293)
4(879 880 889 888)
4(276 294 295 277)
4(292 293 295 294)
4(292 294 298 296)
4(867 886 891 871)
4(876 882 891 886)
4(143 296 298 145)
4(293 295 299 297)
4(868 887 892 872)
4(294 298 299 295)
4(296 297 299 298)
4(886 891 892 887)
4(886 889 893 891)
4(277 295 301 281)
4(293 300 301 295)
4(880 884 893 889)
4(887 890 894 892)
4(295 299 303 301)
4(297 302 303 299)
4(889 893 894 890)
4(277 286 305 295)
4(877 879 897 895)
4(294 295 305 304)
4(755 895 897 757)
4(295 305 308 299)
4(878 880 898 896)
4(298 299 308 307)
4(879 897 898 880)
4(286 305 310 290)
4(295 301 310 305)
4(895 896 898 897)
4(895 897 901 899)
4(287 306 311 291)
4(305 310 311 306)
4(759 899 901 761)
4(305 308 312 310)
4(299 303 312 308)
4(896 898 902 900)
4(897 901 902 898)
4(306 309 313 311)
4(308 312 313 309)
4(296 298 316 314)
4(899 900 902 901)
4(880 898 904 884)
4(165 314 316 167)
4(297 299 317 315)
4(896 903 904 898)
4(298 316 317 299)
4(314 315 317 316)
4(314 316 320 318)
4(898 902 906 904)
4(900 905 906 902)
4(169 318 320 171)
4(315 317 321 319)
4(880 889 908 898)
4(316 320 321 317)
4(318 319 321 320)
4(897 898 908 907)
4(898 908 911 902)
4(299 317 323 303)
4(315 322 323 317)
4(901 902 911 910)
4(889 908 913 893)
4(317 321 325 323)
4(319 324 325 321)
4(898 904 913 908)
4(299 308 327 317)
4(890 909 914 894)
4(316 317 327 326)
4(908 913 914 909)
4(317 327 330 321)
4(908 911 915 913)
4(320 321 330 329)
4(902 906 915 911)
4(308 327 332 312)
4(317 323 332 327)
4(909 912 916 914)
4(911 915 916 912)
4(309 328 333 313)
4(327 332 333 328)
4(899 901 919 917)
4(327 330 334 332)
4(321 325 334 330)
4(900 902 920 918)
4(901 919 920 902)
4(328 331 335 333)
4(330 334 335 331)
4(902 920 922 906)
4(902 911 924 920)
4(336 340 341 337)
4(911 924 926 915)
4(22 23 341 340)
4(912 925 927 916)
4(337 339 343 341)
4(338 342 343 339)
4(472 928 929 473)
4(340 341 343 342)
4(634 635 929 928)
4(473 475 931 929)
4(339 343 347 345)
4(474 930 931 475)
4(341 346 347 343)
4(928 929 931 930)
4(339 351 353 343)
4(928 932 933 929)
4(638 639 933 932)
4(342 343 353 352)
4(345 354 356 347)
4(929 931 935 933)
4(930 934 935 931)
4(343 347 356 353)
4(348 355 357 349)
4(932 933 935 934)
4(475 931 937 480)
4(929 936 937 931)
4(347 349 357 356)
4(931 935 940 937)
4(933 939 940 935)
4(340 358 359 341)
4(44 45 359 358)
4(475 485 943 931)
4(341 343 361 359)
4(342 360 361 343)
4(358 359 361 360)
4(930 931 943 942)
4(931 943 945 935)
4(358 362 363 359)
4(48 49 363 362)
4(934 935 945 944)
4(359 361 365 363)
4(360 364 365 361)
4(362 363 365 364)
4(480 488 946 937)
4(931 937 946 943)
4(343 361 367 347)
4(359 366 367 361)
4(481 489 947 938)
4(937 938 947 946)
4(361 365 370 367)
4(363 369 370 365)
4(937 946 948 940)
4(343 353 373 361)
4(935 940 948 945)
4(360 361 373 372)
4(938 947 949 941)
4(361 373 375 365)
4(940 941 949 948)
4(364 365 375 374)
4(347 356 376 367)
4(932 950 951 933)
4(361 367 376 373)
4(349 357 377 368)
4(660 661 951 950)
4(933 935 953 951)
4(367 368 377 376)
4(367 376 378 370)
4(934 952 953 935)
4(365 370 378 375)
4(368 377 379 371)
4(950 951 953 952)
4(950 954 955 951)
4(370 371 379 378)
4(664 665 955 954)
4(951 953 957 955)
4(362 380 381 363)
4(70 71 381 380)
4(952 956 957 953)
4(363 365 383 381)
4(364 382 383 365)
4(380 381 383 382)
4(954 955 957 956)
4(935 953 959 940)
4(380 384 385 381)
4(74 75 385 384)
4(951 958 959 953)
4(381 383 387 385)
4(382 386 387 383)
4(384 385 387 386)
4(953 957 962 959)
4(955 961 962 957)
4(365 383 389 370)
4(381 388 389 383)
4(935 945 965 953)
4(952 953 965 964)
4(383 387 392 389)
4(385 391 392 387)
4(953 965 967 957)
4(365 375 395 383)
4(956 957 967 966)
4(382 383 395 394)
4(940 948 968 959)
4(383 395 397 387)
4(953 959 968 965)
4(386 387 397 396)
4(370 378 398 389)
4(941 949 969 960)
4(383 389 398 395)
4(371 379 399 390)
4(959 960 969 968)
4(959 968 970 962)
4(389 390 399 398)
4(389 398 400 392)
4(957 962 970 967)
4(387 392 400 397)
4(390 399 401 393)
4(960 969 971 963)
4(962 963 971 970)
4(392 393 401 400)
4(954 972 973 955)
4(686 687 973 972)
4(384 402 403 385)
4(96 97 403 402)
4(955 957 975 973)
4(385 387 405 403)
4(386 404 405 387)
4(402 403 405 404)
4(956 974 975 957)
4(972 973 975 974)
4(402 406 407 403)
4(100 101 407 406)
4(972 976 977 973)
4(403 405 409 407)
4(404 408 409 405)
4(406 407 409 408)
4(690 691 977 976)
4(973 975 979 977)
4(387 405 411 392)
4(403 410 411 405)
4(974 978 979 975)
4(976 977 979 978)
4(405 409 414 411)
4(407 413 414 409)
4(957 975 981 962)
4(387 397 417 405)
4(973 980 981 975)
4(404 405 417 416)
4(975 979 984 981)
4(405 417 419 409)
4(977 983 984 979)
4(408 409 419 418)
4(392 400 420 411)
4(957 967 987 975)
4(405 411 420 417)
4(393 401 421 412)
4(974 975 987 986)
4(975 987 989 979)
4(411 412 421 420)
4(411 420 422 414)
4(978 979 989 988)
4(409 414 422 419)
4(412 421 423 415)
4(962 970 990 981)
4(975 981 990 987)
4(414 415 423 422)
4(963 971 991 982)
4(981 982 991 990)
4(406 424 425 407)
4(122 123 425 424)
4(981 990 992 984)
4(407 409 427 425)
4(408 426 427 409)
4(424 425 427 426)
4(979 984 992 989)
4(982 991 993 985)
4(424 428 429 425)
4(126 127 429 428)
4(984 985 993 992)
4(425 427 431 429)
4(426 430 431 427)
4(428 429 431 430)
4(976 994 995 977)
4(712 713 995 994)
4(409 427 433 414)
4(425 432 433 427)
4(977 979 997 995)
4(978 996 997 979)
4(427 431 436 433)
4(429 435 436 431)
4(994 995 997 996)
4(409 419 439 427)
4(994 998 999 995)
4(426 427 439 438)
4(716 717 999 998)
4(427 439 441 431)
4(995 997 1001 999)
4(430 431 441 440)
4(414 422 442 433)
4(996 1000 1001 997)
4(427 433 442 439)
4(415 423 443 434)
4(998 999 1001 1000)
4(979 997 1003 984)
4(433 434 443 442)
4(433 442 444 436)
4(995 1002 1003 997)
4(431 436 444 441)
4(434 443 445 437)
4(997 1001 1006 1003)
4(999 1005 1006 1001)
4(436 437 445 444)
4(979 989 1009 997)
4(996 997 1009 1008)
4(428 446 447 429)
4(148 149 447 446)
4(997 1009 1011 1001)
4(429 431 449 447)
4(430 448 449 431)
4(446 447 449 448)
4(1000 1001 1011 1010)
4(984 992 1012 1003)
4(446 450 451 447)
4(152 153 451 450)
4(997 1003 1012 1009)
4(447 449 453 451)
4(448 452 453 449)
4(450 451 453 452)
4(985 993 1013 1004)
4(1003 1004 1013 1012)
4(431 449 455 436)
4(447 454 455 449)
4(1003 1012 1014 1006)
4(1001 1006 1014 1011)
4(449 453 458 455)
4(451 457 458 453)
4(1004 1013 1015 1007)
4(431 441 461 449)
4(1006 1007 1015 1014)
4(448 449 461 460)
4(998 1016 1017 999)
4(449 461 463 453)
4(738 739 1017 1016)
4(452 453 463 462)
4(436 444 464 455)
4(999 1001 1019 1017)
4(449 455 464 461)
4(437 445 465 456)
4(1000 1018 1019 1001)
4(1016 1017 1019 1018)
4(455 456 465 464)
4(455 464 466 458)
4(1016 1020 1021 1017)
4(453 458 466 463)
4(456 465 467 459)
4(742 743 1021 1020)
4(1017 1019 1023 1021)
4(458 459 467 466)
4(1018 1022 1023 1019)
4(1020 1021 1023 1022)
4(450 468 469 451)
4(174 175 469 468)
4(1001 1019 1025 1006)
4(451 453 471 469)
4(452 470 471 453)
4(468 469 471 470)
4(1017 1024 1025 1019)
4(1019 1023 1028 1025)
4(468 472 473 469)
4(178 179 473 472)
4(1021 1027 1028 1023)
4(469 471 475 473)
4(470 474 475 471)
4(472 473 475 474)
4(1001 1011 1031 1019)
4(1018 1019 1031 1030)
4(453 471 477 458)
4(469 476 477 471)
4(1019 1031 1033 1023)
4(1022 1023 1033 1032)
4(471 475 480 477)
4(473 479 480 475)
4(1006 1014 1034 1025)
4(453 463 483 471)
4(1019 1025 1034 1031)
4(470 471 483 482)
4(1007 1015 1035 1026)
4(471 483 485 475)
4(1025 1026 1035 1034)
4(474 475 485 484)
4(458 466 486 477)
4(1025 1034 1036 1028)
4(471 477 486 483)
4(459 467 487 478)
4(1023 1028 1036 1033)
4(1026 1035 1037 1029)
4(477 478 487 486)
4(477 486 488 480)
4(1028 1029 1037 1036)
4(475 480 488 485)
4(478 487 489 481)
4(1020 1038 1039 1021)
4(764 765 1039 1038)
4(480 481 489 488)
4(1021 1023 1041 1039)
4(491 493 497 495)
4(1022 1040 1041 1023)
4(492 496 497 493)
4(1038 1039 1041 1040)
4(494 495 497 496)
4(1038 1042 1043 1039)
4(768 769 1043 1042)
4(491 495 500 498)
4(1039 1041 1045 1043)
4(199 203 500 495)
4(1040 1044 1045 1041)
4(493 497 501 499)
4(1042 1043 1045 1044)
4(495 500 501 497)
4(492 502 504 496)
4(1023 1041 1047 1028)
4(1039 1046 1047 1041)
4(1041 1045 1050 1047)
4(349 496 504 357)
4(493 503 505 497)
4(1043 1049 1050 1045)
4(1023 1033 1053 1041)
4(496 497 505 504)
4(1040 1041 1053 1052)
4(1041 1053 1055 1045)
4(1044 1045 1055 1054)
4(497 501 507 505)
4(1028 1036 1056 1047)
4(495 497 511 509)
4(1041 1047 1056 1053)
4(496 510 511 497)
4(508 509 511 510)
4(1029 1037 1057 1048)
4(509 511 515 513)
4(1047 1048 1057 1056)
4(510 514 515 511)
4(512 513 515 514)
4(1047 1056 1058 1050)
4(1045 1050 1058 1055)
4(495 509 516 500)
4(218 223 516 509)
4(1048 1057 1059 1051)
4(497 511 517 501)
4(509 516 517 511)
4(1050 1051 1059 1058)
4(1042 1060 1061 1043)
4(509 513 518 516)
4(221 225 518 513)
4(1043 1045 1063 1061)
4(511 515 519 517)
4(513 518 519 515)
4(496 504 520 510)
4(1044 1062 1063 1045)
4(1045 1063 1065 1050)
4(368 510 520 377)
4(497 505 521 511)
4(1045 1055 1068 1063)
4(510 511 521 520)
4(510 520 522 514)
4(1050 1058 1069 1065)
4(1051 1059 1070 1066)
4(371 514 522 379)
4(511 521 523 515)
4(603 605 1074 1072)
4(514 515 523 522)
4(604 1073 1074 605)
4(1071 1072 1074 1073)
4(511 517 524 521)
4(1072 1074 1078 1076)
4(1073 1077 1078 1074)
4(515 519 525 523)
4(1075 1076 1078 1077)
4(513 515 529 527)
4(603 1072 1079 608)
4(514 528 529 515)
4(526 527 529 528)
4(799 804 1079 1072)
4(527 529 533 531)
4(605 1074 1080 609)
4(528 532 533 529)
4(530 531 533 532)
4(1072 1079 1080 1074)
4(1072 1076 1081 1079)
4(513 527 534 518)
4(240 245 534 527)
4(802 806 1081 1076)
4(515 529 535 519)
4(527 534 535 529)
4(1074 1078 1082 1080)
4(1076 1081 1082 1078)
4(527 531 536 534)
4(243 247 536 531)
4(604 612 1083 1073)
4(529 533 537 535)
4(531 536 537 533)
4(514 522 538 528)
4(938 1073 1083 947)
4(605 613 1084 1074)
4(390 528 538 399)
4(515 523 539 529)
4(1073 1074 1084 1083)
4(528 529 539 538)
4(528 538 540 532)
4(1073 1083 1085 1077)
4(941 1077 1085 949)
4(393 532 540 401)
4(529 539 541 533)
4(1074 1084 1086 1078)
4(532 533 541 540)
4(1077 1078 1086 1085)
4(1074 1080 1087 1084)
4(529 535 542 539)
4(1078 1082 1088 1086)
4(1076 1078 1092 1090)
4(533 537 543 541)
4(1077 1091 1092 1078)
4(531 533 547 545)
4(1089 1090 1092 1091)
4(532 546 547 533)
4(544 545 547 546)
4(1090 1092 1096 1094)
4(545 547 551 549)
4(1091 1095 1096 1092)
4(546 550 551 547)
4(548 549 551 550)
4(1093 1094 1096 1095)
4(1076 1090 1097 1081)
4(531 545 552 536)
4(262 267 552 545)
4(821 826 1097 1090)
4(533 547 553 537)
4(545 552 553 547)
4(1078 1092 1098 1082)
4(1090 1097 1098 1092)
4(545 549 554 552)
4(265 269 554 549)
4(1090 1094 1099 1097)
4(547 551 555 553)
4(549 554 555 551)
4(532 540 556 546)
4(824 828 1099 1094)
4(1092 1096 1100 1098)
4(412 546 556 421)
4(533 541 557 547)
4(1094 1099 1100 1096)
4(546 547 557 556)
4(546 556 558 550)
4(1077 1085 1101 1091)
4(960 1091 1101 969)
4(415 550 558 423)
4(547 557 559 551)
4(1078 1086 1102 1092)
4(550 551 559 558)
4(1091 1092 1102 1101)
4(1091 1101 1103 1095)
4(547 553 560 557)
4(963 1095 1103 971)
4(1092 1102 1104 1096)
4(551 555 561 559)
4(1095 1096 1104 1103)
4(549 551 565 563)
4(1092 1098 1105 1102)
4(550 564 565 551)
4(562 563 565 564)
4(1096 1100 1106 1104)
4(563 565 569 567)
4(1094 1096 1110 1108)
4(564 568 569 565)
4(566 567 569 568)
4(1095 1109 1110 1096)
4(1107 1108 1110 1109)
4(549 563 570 554)
4(284 289 570 563)
4(1108 1110 1114 1112)
4(551 565 571 555)
4(563 570 571 565)
4(1109 1113 1114 1110)
4(1111 1112 1114 1113)
4(563 567 572 570)
4(287 291 572 567)
4(1094 1108 1115 1099)
4(565 569 573 571)
4(567 572 573 569)
4(550 558 574 564)
4(843 848 1115 1108)
4(1096 1110 1116 1100)
4(434 564 574 443)
4(551 559 575 565)
4(1108 1115 1116 1110)
4(564 565 575 574)
4(564 574 576 568)
4(1108 1112 1117 1115)
4(846 850 1117 1112)
4(437 568 576 445)
4(565 575 577 569)
4(1110 1114 1118 1116)
4(568 569 577 576)
4(1112 1117 1118 1114)
4(1095 1103 1119 1109)
4(565 571 578 575)
4(982 1109 1119 991)
4(1096 1104 1120 1110)
4(569 573 579 577)
4(1109 1110 1120 1119)
4(567 569 583 581)
4(1109 1119 1121 1113)
4(568 582 583 569)
4(580 581 583 582)
4(985 1113 1121 993)
4(581 583 587 585)
4(1110 1120 1122 1114)
4(582 586 587 583)
4(584 585 587 586)
4(1113 1114 1122 1121)
4(1110 1116 1123 1120)
4(567 581 588 572)
4(306 311 588 581)
4(1114 1118 1124 1122)
4(569 583 589 573)
4(581 588 589 583)
4(1112 1114 1128 1126)
4(1113 1127 1128 1114)
4(581 585 590 588)
4(309 313 590 585)
4(1125 1126 1128 1127)
4(583 587 591 589)
4(585 590 591 587)
4(568 576 592 582)
4(1126 1128 1132 1130)
4(1127 1131 1132 1128)
4(456 582 592 465)
4(569 577 593 583)
4(1129 1130 1132 1131)
4(582 583 593 592)
4(582 592 594 586)
4(1112 1126 1133 1117)
4(865 870 1133 1126)
4(459 586 594 467)
4(583 593 595 587)
4(1114 1128 1134 1118)
4(586 587 595 594)
4(1126 1133 1134 1128)
4(1126 1130 1135 1133)
4(583 589 596 593)
4(868 872 1135 1130)
4(1128 1132 1136 1134)
4(587 591 597 595)
4(1130 1135 1136 1132)
4(585 587 601 599)
4(1113 1121 1137 1127)
4(586 600 601 587)
4(598 599 601 600)
4(1004 1127 1137 1013)
4(599 601 605 603)
4(1114 1122 1138 1128)
4(600 604 605 601)
4(602 603 605 604)
4(1127 1128 1138 1137)
4(1127 1137 1139 1131)
4(585 599 606 590)
4(328 333 606 599)
4(1007 1131 1139 1015)
4(587 601 607 591)
4(599 606 607 601)
4(1128 1138 1140 1132)
4(1131 1132 1140 1139)
4(599 603 608 606)
4(331 335 608 603)
4(1128 1134 1141 1138)
4(601 605 609 607)
4(603 608 609 605)
4(586 594 610 600)
4(1132 1136 1142 1140)
4(1130 1132 1146 1144)
4(478 600 610 487)
4(587 595 611 601)
4(1131 1145 1146 1132)
4(600 601 611 610)
4(600 610 612 604)
4(1143 1144 1146 1145)
4(1144 1146 1150 1148)
4(481 604 612 489)
4(601 611 613 605)
4(1145 1149 1150 1146)
4(604 605 613 612)
4(1147 1148 1150 1149)
4(1130 1144 1151 1135)
4(601 607 614 611)
4(887 892 1151 1144)
4(1132 1146 1152 1136)
4(605 609 615 613)
4(1144 1151 1152 1146)
4(161 163 619 617)
4(1144 1148 1153 1151)
4(162 618 619 163)
4(616 617 619 618)
4(890 894 1153 1148)
4(617 619 623 621)
4(1146 1150 1154 1152)
4(618 622 623 619)
4(620 621 623 622)
4(168 170 626 624)
4(1148 1153 1154 1150)
4(163 619 626 170)
4(617 624 626 619)
4(169 171 627 625)
4(1131 1139 1155 1145)
4(1026 1145 1155 1035)
4(624 625 627 626)
4(624 626 630 628)
4(1132 1140 1156 1146)
4(619 623 630 626)
4(621 628 630 623)
4(625 627 631 629)
4(1145 1146 1156 1155)
4(1145 1155 1157 1149)
4(628 629 631 630)
4(1029 1149 1157 1037)
4(163 177 633 619)
4(176 632 633 177)
4(618 619 633 632)
4(1146 1156 1158 1150)
4(1149 1150 1158 1157)
4(178 634 635 179)
4(632 633 635 634)
4(1146 1152 1159 1156)
4(619 633 637 623)
4(632 636 637 633)
4(622 623 637 636)
4(1150 1154 1160 1158)
4(1148 1150 1164 1162)
4(634 638 639 635)
4(636 637 639 638)
4(1149 1163 1164 1150)
4(1161 1162 1164 1163)
4(619 626 640 633)
4(1162 1164 1168 1166)
4(1163 1167 1168 1164)
4(623 630 641 637)
4(1165 1166 1168 1167)
4(621 623 645 643)
4(1148 1162 1169 1153)
4(622 644 645 623)
4(642 643 645 644)
4(909 914 1169 1162)
4(643 645 649 647)
4(1150 1164 1170 1154)
4(644 648 649 645)
4(646 647 649 648)
4(628 630 652 650)
4(1162 1169 1170 1164)
4(623 645 652 630)
4(643 650 652 645)
4(629 631 653 651)
4(1162 1166 1171 1169)
4(912 916 1171 1166)
4(650 651 653 652)
4(650 652 656 654)
4(1164 1168 1172 1170)
4(645 649 656 652)
4(647 654 656 649)
4(651 653 657 655)
4(1166 1171 1172 1168)
4(1149 1157 1173 1163)
4(654 655 657 656)
4(1048 1163 1173 1057)
4(623 637 659 645)
4(636 658 659 637)
4(644 645 659 658)
4(1150 1158 1174 1164)
4(1163 1164 1174 1173)
4(638 660 661 639)
4(658 659 661 660)
4(1163 1173 1175 1167)
4(645 659 663 649)
4(658 662 663 659)
4(648 649 663 662)
4(1051 1167 1175 1059)
4(1164 1174 1176 1168)
4(660 664 665 661)
4(662 663 665 664)
4(1167 1168 1176 1175)
4(1164 1170 1177 1174)
4(645 652 666 659)
4(1168 1172 1178 1176)
4(1166 1168 1182 1180)
4(649 656 667 663)
4(1167 1181 1182 1168)
4(647 649 671 669)
4(1166 1180 1183 1171)
4(648 670 671 649)
4(668 669 671 670)
4(1168 1182 1184 1172)
4(669 671 675 673)
4(1167 1175 1185 1181)
4(670 674 675 671)
4(672 673 675 674)
4(654 656 678 676)
4(1168 1176 1186 1182)
4(0 4 6 2)
4(0 1 5 4)
4(0 2 3 1)
4(654 655 677 676)
4(656 678 679 657)
4(1 8 12 5)
4(1 3 9 8)
4(669 676 680 673)
4(8 10 13 12)
4(9 14 15 11)
4(8 9 11 10)
4(676 677 681 680)
4(678 682 683 679)
4(2 6 20 16)
4(648 670 684 662)
4(2 16 17 3)
4(16 20 22 18)
4(17 19 23 21)
4(662 684 686 664)
4(663 665 687 685)
4(16 18 19 17)
4(9 24 25 14)
4(670 674 688 684)
4(17 21 25 24)
4(3 17 24 9)
4(4 26 28 6)
4(684 688 690 686)
4(685 687 691 689)
4(4 5 27 26)
4(26 30 32 28)
4(656 667 692 678)
4(663 685 692 667)
4(26 27 31 30)
4(678 692 693 682)
4(685 689 693 692)
4(5 12 34 27)
4(672 694 696 674)
4(12 13 35 34)
4(672 673 695 694)
4(14 36 37 15)
4(27 34 38 31)
4(694 698 700 696)
4(34 35 39 38)
4(694 695 699 698)
4(36 40 41 37)
4(6 28 42 20)
4(20 42 44 22)
4(673 680 702 695)
4(21 23 45 43)
4(28 32 46 42)
4(42 46 48 44)
4(680 681 703 702)
4(682 704 705 683)
4(43 45 49 47)
4(14 25 50 36)
4(695 702 706 699)
4(21 43 50 25)
4(36 50 51 40)
4(43 47 51 50)
4(702 703 707 706)
4(704 708 709 705)
4(30 52 54 32)
4(674 696 710 688)
4(30 31 53 52)
4(52 56 58 54)
4(52 53 57 56)
4(688 710 712 690)
4(689 691 713 711)
4(31 38 60 53)
4(38 39 61 60)
4(696 700 714 710)
4(40 62 63 41)
4(53 60 64 57)
4(60 61 65 64)
4(710 714 716 712)
4(711 713 717 715)
4(62 66 67 63)
4(32 54 68 46)
4(682 693 718 704)
4(689 711 718 693)
4(46 68 70 48)
4(704 718 719 708)
4(711 715 719 718)
4(47 49 71 69)
4(698 720 722 700)
4(54 58 72 68)
4(698 699 721 720)
4(68 72 74 70)
4(69 71 75 73)
4(720 724 726 722)
4(40 51 76 62)
4(720 721 725 724)
4(47 69 76 51)
4(62 76 77 66)
4(69 73 77 76)
4(699 706 728 721)
4(56 78 80 58)
4(56 57 79 78)
4(78 82 84 80)
4(706 707 729 728)
4(708 730 731 709)
4(78 79 83 82)
4(57 64 86 79)
4(721 728 732 725)
4(64 65 87 86)
4(66 88 89 67)
4(79 86 90 83)
4(728 729 733 732)
4(730 734 735 731)
4(86 87 91 90)
4(700 722 736 714)
4(88 92 93 89)
4(58 80 94 72)
4(72 94 96 74)
4(714 736 738 716)
4(715 717 739 737)
4(73 75 97 95)
4(80 84 98 94)
4(722 726 740 736)
4(94 98 100 96)
4(95 97 101 99)
4(66 77 102 88)
4(736 740 742 738)
4(737 739 743 741)
4(73 95 102 77)
4(88 102 103 92)
4(708 719 744 730)
4(715 737 744 719)
4(95 99 103 102)
4(730 744 745 734)
4(737 741 745 744)
4(82 104 106 84)
4(724 746 748 726)
4(82 83 105 104)
4(724 725 747 746)
4(104 108 110 106)
4(104 105 109 108)
4(746 750 752 748)
4(83 90 112 105)
4(746 747 751 750)
4(90 91 113 112)
4(92 114 115 93)
4(105 112 116 109)
4(725 732 754 747)
4(112 113 117 116)
4(114 118 119 115)
4(84 106 120 98)
4(732 733 755 754)
4(734 756 757 735)
4(98 120 122 100)
4(99 101 123 121)
4(747 754 758 751)
4(106 110 124 120)
4(120 124 126 122)
4(121 123 127 125)
4(754 755 759 758)
4(756 760 761 757)
4(92 103 128 114)
4(726 748 762 740)
4(99 121 128 103)
4(114 128 129 118)
4(121 125 129 128)
4(740 762 764 742)
4(741 743 765 763)
4(108 130 132 110)
4(108 109 131 130)
4(748 752 766 762)
4(130 134 136 132)
4(130 131 135 134)
4(109 116 138 131)
4(762 766 768 764)
4(763 765 769 767)
4(116 117 139 138)
4(118 140 141 119)
4(734 745 770 756)
4(741 763 770 745)
4(131 138 142 135)
4(756 770 771 760)
4(763 767 771 770)
4(138 139 143 142)
4(750 772 774 752)
4(140 144 145 141)
4(750 751 773 772)
4(110 132 146 124)
4(772 773 775 774)
4(124 146 148 126)
4(751 758 776 773)
4(125 127 149 147)
4(773 776 778 775)
4(132 136 150 146)
4(758 759 777 776)
4(760 778 779 761)
4(776 777 779 778)
4(752 774 780 766)
4(146 150 152 148)
4(147 149 153 151)
4(774 775 781 780)
4(766 780 782 768)
4(767 769 783 781)
4(118 129 154 140)
4(780 781 783 782)
4(760 771 784 778)
4(767 781 784 771)
4(775 778 784 781)
4(125 147 154 129)
4(169 318 785 625)
4(171 627 787 320)
4(140 154 155 144)
4(147 151 155 154)
4(318 319 786 785)
4(134 156 158 136)
4(134 135 157 156)
4(156 160 162 158)
4(625 785 789 629)
4(627 631 791 787)
4(156 157 161 160)
4(135 142 164 157)
4(785 786 790 789)
4(142 143 165 164)
4(144 166 167 145)
4(324 325 794 793)
4(319 324 793 786)
4(157 164 168 161)
4(164 165 169 168)
4(793 794 796 795)
4(786 793 795 790)
4(166 170 171 167)
4(136 158 172 150)
4(320 787 797 329)
4(150 172 174 152)
4(329 797 798 330)
4(151 153 175 173)
4(787 791 800 797)
4(158 162 176 172)
4(797 800 801 798)
4(172 176 178 174)
4(325 334 803 794)
4(173 175 179 177)
4(144 155 180 166)
4(330 798 799 331)
4(334 335 804 803)
4(151 173 180 155)
4(166 180 181 170)
4(794 803 805 796)
4(173 177 181 180)
4(10 182 186 13)
4(798 801 802 799)
4(803 804 806 805)
4(11 15 188 183)
4(10 11 183 182)
4(182 184 187 186)
4(629 789 807 651)
4(631 653 809 791)
4(182 183 185 184)
4(190 191 193 192)
4(789 790 808 807)
4(184 190 192 187)
4(184 185 191 190)
4(183 188 196 194)
4(651 807 811 655)
4(653 657 813 809)
4(194 196 197 195)
4(183 194 195 185)
4(807 808 812 811)
4(191 200 202 193)
4(185 195 200 191)
4(795 796 816 815)
4(790 795 815 808)
4(195 197 199 198)
4(200 201 203 202)
4(815 816 818 817)
4(808 815 817 812)
4(195 198 201 200)
4(13 186 204 35)
4(791 809 819 800)
4(15 37 206 188)
4(800 819 820 801)
4(186 187 205 204)
4(809 813 822 819)
4(35 204 208 39)
4(819 822 823 820)
4(37 41 210 206)
4(796 805 825 816)
4(204 205 209 208)
4(192 193 213 212)
4(801 820 821 802)
4(805 806 826 825)
4(187 192 212 205)
4(212 213 215 214)
4(816 825 827 818)
4(205 212 214 209)
4(188 206 216 196)
4(820 823 824 821)
4(825 826 828 827)
4(196 216 217 197)
4(206 210 219 216)
4(216 219 220 217)
4(655 811 829 677)
4(657 679 831 813)
4(193 202 222 213)
4(197 217 218 199)
4(811 812 830 829)
4(202 203 223 222)
4(213 222 224 215)
4(217 220 221 218)
4(677 829 833 681)
4(679 683 835 831)
4(222 223 225 224)
4(39 208 226 61)
4(829 830 834 833)
4(41 63 228 210)
4(208 209 227 226)
4(817 818 838 837)
4(812 817 837 830)
4(61 226 230 65)
4(63 67 232 228)
4(837 838 840 839)
4(830 837 839 834)
4(226 227 231 230)
4(214 215 235 234)
4(813 831 841 822)
4(209 214 234 227)
4(822 841 842 823)
4(234 235 237 236)
4(831 835 844 841)
4(227 234 236 231)
4(841 844 845 842)
4(210 228 238 219)
4(818 827 847 838)
4(219 238 239 220)
4(228 232 241 238)
4(823 842 843 824)
4(827 828 848 847)
4(238 241 242 239)
4(215 224 244 235)
4(838 847 849 840)
4(220 239 240 221)
4(224 225 245 244)
4(842 845 846 843)
4(847 848 850 849)
4(235 244 246 237)
4(239 242 243 240)
4(244 245 247 246)
4(681 833 851 703)
4(683 705 853 835)
4(65 230 248 87)
4(67 89 250 232)
4(833 834 852 851)
4(230 231 249 248)
4(87 248 252 91)
4(89 93 254 250)
4(703 851 855 707)
4(705 709 857 853)
4(248 249 253 252)
4(236 237 257 256)
4(851 852 856 855)
4(231 236 256 249)
4(256 257 259 258)
4(839 840 860 859)
4(834 839 859 852)
4(249 256 258 253)
4(232 250 260 241)
4(859 860 862 861)
4(852 859 861 856)
4(241 260 261 242)
4(250 254 263 260)
4(835 853 863 844)
4(260 263 264 261)
4(844 863 864 845)
4(237 246 266 257)
4(853 857 866 863)
4(242 261 262 243)
4(863 866 867 864)
4(246 247 267 266)
4(840 849 869 860)
4(257 266 268 259)
4(261 264 265 262)
4(845 864 865 846)
4(849 850 870 869)
4(266 267 269 268)
4(91 252 270 113)
4(860 869 871 862)
4(93 115 272 254)
4(252 253 271 270)
4(864 867 868 865)
4(869 870 872 871)
4(113 270 274 117)
4(115 119 276 272)
4(270 271 275 274)
4(707 855 873 729)
4(709 731 875 857)
4(258 259 279 278)
4(253 258 278 271)
4(855 856 874 873)
4(278 279 281 280)
4(271 278 280 275)
4(254 272 282 263)
4(729 873 877 733)
4(731 735 879 875)
4(263 282 283 264)
4(272 276 285 282)
4(873 874 878 877)
4(282 285 286 283)
4(259 268 288 279)
4(861 862 882 881)
4(856 861 881 874)
4(264 283 284 265)
4(268 269 289 288)
4(881 882 884 883)
4(874 881 883 878)
4(279 288 290 281)
4(283 286 287 284)
4(857 875 885 866)
4(288 289 291 290)
4(866 885 886 867)
4(117 274 292 139)
4(875 879 888 885)
4(119 141 294 276)
4(885 888 889 886)
4(274 275 293 292)
4(862 871 891 882)
4(139 292 296 143)
4(141 145 298 294)
4(867 886 887 868)
4(871 872 892 891)
4(292 293 297 296)
4(280 281 301 300)
4(882 891 893 884)
4(275 280 300 293)
4(300 301 303 302)
4(886 889 890 887)
4(891 892 894 893)
4(293 300 302 297)
4(276 294 304 285)
4(285 304 305 286)
4(733 877 895 755)
4(735 757 897 879)
4(294 298 307 304)
4(304 307 308 305)
4(877 878 896 895)
4(281 290 310 301)
4(286 305 306 287)
4(290 291 311 310)
4(755 895 899 759)
4(757 761 901 897)
4(301 310 312 303)
4(305 308 309 306)
4(895 896 900 899)
4(310 311 313 312)
4(143 296 314 165)
4(883 884 904 903)
4(878 883 903 896)
4(145 167 316 298)
4(296 297 315 314)
4(903 904 906 905)
4(896 903 905 900)
4(165 314 318 169)
4(167 171 320 316)
4(879 897 907 888)
4(314 315 319 318)
4(888 907 908 889)
4(302 303 323 322)
4(897 901 910 907)
4(297 302 322 315)
4(907 910 911 908)
4(322 323 325 324)
4(884 893 913 904)
4(315 322 324 319)
4(298 316 326 307)
4(889 908 909 890)
4(893 894 914 913)
4(307 326 327 308)
4(316 320 329 326)
4(904 913 915 906)
4(326 329 330 327)
4(303 312 332 323)
4(908 911 912 909)
4(913 914 916 915)
4(308 327 328 309)
4(312 313 333 332)
4(323 332 334 325)
4(759 899 917 777)
4(761 779 919 901)
4(777 917 919 779)
4(327 330 331 328)
4(899 900 918 917)
4(332 333 335 334)
4(917 918 920 919)
4(905 906 922 921)
4(900 905 921 918)
4(18 22 340 336)
4(918 921 922 920)
4(901 919 923 910)
4(19 337 341 23)
4(910 923 924 911)
4(919 920 924 923)
4(906 915 926 922)
4(18 336 337 19)
4(920 922 926 924)
4(911 924 925 912)
4(915 916 927 926)
4(336 340 342 338)
4(924 926 927 925)
4(178 634 928 472)
4(179 473 929 635)
4(336 338 339 337)
4(344 345 347 346)
4(472 928 930 474)
4(337 344 346 341)
4(337 339 345 344)
4(338 342 352 350)
4(634 638 932 928)
4(635 929 933 639)
4(350 352 353 351)
4(338 350 351 339)
4(928 932 934 930)
4(351 353 356 354)
4(339 351 354 345)
4(345 348 349 347)
4(479 480 937 936)
4(473 479 936 929)
4(354 356 357 355)
4(345 354 355 348)
4(936 937 940 939)
4(929 936 939 933)
4(22 44 358 340)
4(23 341 359 45)
4(474 930 942 484)
4(340 358 360 342)
4(484 942 943 485)
4(44 48 362 358)
4(930 934 944 942)
4(45 359 363 49)
4(942 944 945 943)
4(358 362 364 360)
4(346 347 367 366)
4(485 943 946 488)
4(341 346 366 359)
4(366 367 370 369)
4(480 481 938 937)
4(488 946 947 489)
4(359 366 369 363)
4(342 360 372 352)
4(943 945 948 946)
4(352 372 373 353)
4(360 364 374 372)
4(937 938 941 940)
4(946 948 949 947)
4(372 374 375 373)
4(638 660 950 932)
4(639 933 951 661)
4(353 373 376 356)
4(347 349 368 367)
4(932 950 952 934)
4(356 376 377 357)
4(373 375 378 376)
4(367 368 371 370)
4(660 664 954 950)
4(661 951 955 665)
4(376 378 379 377)
4(48 70 380 362)
4(950 954 956 952)
4(49 363 381 71)
4(362 380 382 364)
4(70 74 384 380)
4(939 940 959 958)
4(933 939 958 951)
4(71 381 385 75)
4(380 384 386 382)
4(958 959 962 961)
4(951 958 961 955)
4(369 370 389 388)
4(363 369 388 381)
4(934 952 964 944)
4(388 389 392 391)
4(944 964 965 945)
4(381 388 391 385)
4(952 956 966 964)
4(364 382 394 374)
4(964 966 967 965)
4(374 394 395 375)
4(382 386 396 394)
4(945 965 968 948)
4(394 396 397 395)
4(375 395 398 378)
4(940 941 960 959)
4(948 968 969 949)
4(370 371 390 389)
4(378 398 399 379)
4(965 967 970 968)
4(395 397 400 398)
4(389 390 393 392)
4(959 960 963 962)
4(968 970 971 969)
4(398 400 401 399)
4(664 686 972 954)
4(665 955 973 687)
4(74 96 402 384)
4(75 385 403 97)
4(954 972 974 956)
4(384 402 404 386)
4(96 100 406 402)
4(97 403 407 101)
4(686 690 976 972)
4(687 973 977 691)
4(402 406 408 404)
4(391 392 411 410)
4(972 976 978 974)
4(385 391 410 403)
4(410 411 414 413)
4(403 410 413 407)
4(961 962 981 980)
4(955 961 980 973)
4(386 404 416 396)
4(396 416 417 397)
4(980 981 984 983)
4(973 980 983 977)
4(404 408 418 416)
4(416 418 419 417)
4(956 974 986 966)
4(397 417 420 400)
4(966 986 987 967)
4(392 393 412 411)
4(974 978 988 986)
4(400 420 421 401)
4(986 988 989 987)
4(417 419 422 420)
4(411 412 415 414)
4(967 987 990 970)
4(420 422 423 421)
4(100 122 424 406)
4(962 963 982 981)
4(970 990 991 971)
4(101 407 425 123)
4(406 424 426 408)
4(987 989 992 990)
4(122 126 428 424)
4(123 425 429 127)
4(981 982 985 984)
4(990 992 993 991)
4(424 428 430 426)
4(690 712 994 976)
4(691 977 995 713)
4(413 414 433 432)
4(407 413 432 425)
4(976 994 996 978)
4(432 433 436 435)
4(425 432 435 429)
4(408 426 438 418)
4(712 716 998 994)
4(713 995 999 717)
4(418 438 439 419)
4(426 430 440 438)
4(994 998 1000 996)
4(438 440 441 439)
4(419 439 442 422)
4(414 415 434 433)
4(983 984 1003 1002)
4(977 983 1002 995)
4(422 442 443 423)
4(439 441 444 442)
4(1002 1003 1006 1005)
4(995 1002 1005 999)
4(433 434 437 436)
4(442 444 445 443)
4(978 996 1008 988)
4(126 148 446 428)
4(988 1008 1009 989)
4(127 429 447 149)
4(996 1000 1010 1008)
4(428 446 448 430)
4(1008 1010 1011 1009)
4(148 152 450 446)
4(149 447 451 153)
4(989 1009 1012 992)
4(446 450 452 448)
4(435 436 455 454)
4(984 985 1004 1003)
4(992 1012 1013 993)
4(429 435 454 447)
4(454 455 458 457)
4(1009 1011 1014 1012)
4(447 454 457 451)
4(430 448 460 440)
4(1003 1004 1007 1006)
4(1012 1014 1015 1013)
4(440 460 461 441)
4(716 738 1016 998)
4(717 999 1017 739)
4(448 452 462 460)
4(460 462 463 461)
4(998 1016 1018 1000)
4(441 461 464 444)
4(436 437 456 455)
4(444 464 465 445)
4(738 742 1020 1016)
4(739 1017 1021 743)
4(461 463 466 464)
4(455 456 459 458)
4(1016 1020 1022 1018)
4(464 466 467 465)
4(152 174 468 450)
4(153 451 469 175)
4(1005 1006 1025 1024)
4(999 1005 1024 1017)
4(450 468 470 452)
4(174 178 472 468)
4(1024 1025 1028 1027)
4(1017 1024 1027 1021)
4(175 469 473 179)
4(468 472 474 470)
4(1000 1018 1030 1010)
4(457 458 477 476)
4(1010 1030 1031 1011)
4(451 457 476 469)
4(1018 1022 1032 1030)
4(476 477 480 479)
4(1030 1032 1033 1031)
4(469 476 479 473)
4(452 470 482 462)
4(1011 1031 1034 1014)
4(462 482 483 463)
4(470 474 484 482)
4(1006 1007 1026 1025)
4(1014 1034 1035 1015)
4(482 484 485 483)
4(463 483 486 466)
4(1031 1033 1036 1034)
4(458 459 478 477)
4(466 486 487 467)
4(1025 1026 1029 1028)
4(1034 1036 1037 1035)
4(483 485 488 486)
4(742 764 1038 1020)
4(743 1021 1039 765)
4(477 478 481 480)
4(486 488 489 487)
4(1020 1038 1040 1022)
4(490 494 496 492)
4(490 491 495 494)
4(490 492 493 491)
4(764 768 1042 1038)
4(765 1039 1043 769)
4(198 199 495 491)
4(201 498 500 203)
4(1038 1042 1044 1040)
4(198 491 498 201)
4(498 499 501 500)
4(491 493 499 498)
4(1027 1028 1047 1046)
4(1021 1027 1046 1039)
4(348 492 496 349)
4(355 357 504 502)
4(1046 1047 1050 1049)
4(1039 1046 1049 1043)
4(348 355 502 492)
4(502 504 505 503)
4(1022 1040 1052 1032)
4(492 502 503 493)
4(1032 1052 1053 1033)
4(499 506 507 501)
4(1040 1044 1054 1052)
4(503 505 507 506)
4(1052 1054 1055 1053)
4(493 503 506 499)
4(494 508 510 496)
4(1033 1053 1056 1036)
4(494 495 509 508)
4(508 512 514 510)
4(1028 1029 1048 1047)
4(1036 1056 1057 1037)
4(508 509 513 512)
4(199 218 509 495)
4(1053 1055 1058 1056)
4(203 500 516 223)
4(500 501 517 516)
4(1047 1048 1051 1050)
4(1056 1058 1059 1057)
4(218 221 513 509)
4(768 782 1060 1042)
4(769 1043 1061 783)
4(223 516 518 225)
4(782 783 1061 1060)
4(1042 1060 1062 1044)
4(516 517 519 518)
4(349 496 510 368)
4(1060 1061 1063 1062)
4(1049 1050 1065 1064)
4(1043 1049 1064 1061)
4(357 377 520 504)
4(1061 1064 1065 1063)
4(1044 1062 1067 1054)
4(504 520 521 505)
4(1054 1067 1068 1055)
4(1062 1063 1068 1067)
4(368 510 514 371)
4(1055 1068 1069 1058)
4(1063 1065 1069 1068)
4(377 379 522 520)
4(1050 1051 1066 1065)
4(1058 1069 1070 1059)
4(1065 1066 1070 1069)
4(602 1071 1073 604)
4(520 522 523 521)
4(602 603 1072 1071)
4(501 507 524 517)
4(505 521 524 507)
4(1071 1075 1077 1073)
4(517 524 525 519)
4(1071 1072 1076 1075)
4(521 523 525 524)
4(512 526 528 514)
4(331 799 1072 603)
4(335 608 1079 804)
4(512 513 527 526)
4(526 530 532 528)
4(608 609 1080 1079)
4(526 527 531 530)
4(221 240 527 513)
4(799 802 1076 1072)
4(804 1079 1081 806)
4(225 518 534 245)
4(518 519 535 534)
4(1079 1080 1082 1081)
4(240 243 531 527)
4(245 534 536 247)
4(534 535 537 536)
4(481 604 1073 938)
4(489 947 1083 612)
4(371 514 528 390)
4(379 399 538 522)
4(612 1083 1084 613)
4(522 538 539 523)
4(390 528 532 393)
4(938 1073 1077 941)
4(947 949 1085 1083)
4(399 401 540 538)
4(538 540 541 539)
4(1083 1085 1086 1084)
4(519 525 542 535)
4(609 615 1087 1080)
4(613 1084 1087 615)
4(523 539 542 525)
4(1080 1087 1088 1082)
4(1084 1086 1088 1087)
4(535 542 543 537)
4(1075 1089 1091 1077)
4(539 541 543 542)
4(1075 1076 1090 1089)
4(530 544 546 532)
4(530 531 545 544)
4(1089 1093 1095 1091)
4(544 548 550 546)
4(1089 1090 1094 1093)
4(544 545 549 548)
4(243 262 545 531)
4(802 821 1090 1076)
4(806 1081 1097 826)
4(247 536 552 267)
4(536 537 553 552)
4(1081 1082 1098 1097)
4(262 265 549 545)
4(267 552 554 269)
4(821 824 1094 1090)
4(826 1097 1099 828)
4(552 553 555 554)
4(393 532 546 412)
4(1097 1098 1100 1099)
4(401 421 556 540)
4(540 556 557 541)
4(412 546 550 415)
4(941 1077 1091 960)
4(949 969 1101 1085)
4(421 423 558 556)
4(556 558 559 557)
4(1085 1101 1102 1086)
4(537 543 560 553)
4(541 557 560 543)
4(960 1091 1095 963)
4(969 971 1103 1101)
4(553 560 561 555)
4(557 559 561 560)
4(1101 1103 1104 1102)
4(548 562 564 550)
4(1082 1088 1105 1098)
4(1086 1102 1105 1088)
4(548 549 563 562)
4(1098 1105 1106 1100)
4(1102 1104 1106 1105)
4(562 566 568 564)
4(1093 1107 1109 1095)
4(562 563 567 566)
4(1093 1094 1108 1107)
4(265 284 563 549)
4(269 554 570 289)
4(1107 1111 1113 1109)
4(554 555 571 570)
4(1107 1108 1112 1111)
4(284 287 567 563)
4(289 570 572 291)
4(824 843 1108 1094)
4(828 1099 1115 848)
4(570 571 573 572)
4(415 550 564 434)
4(1099 1100 1116 1115)
4(423 443 574 558)
4(558 574 575 559)
4(843 846 1112 1108)
4(848 1115 1117 850)
4(434 564 568 437)
4(443 445 576 574)
4(1115 1116 1118 1117)
4(574 576 577 575)
4(555 561 578 571)
4(559 575 578 561)
4(963 1095 1109 982)
4(971 991 1119 1103)
4(571 578 579 573)
4(575 577 579 578)
4(1103 1119 1120 1104)
4(566 580 582 568)
4(566 567 581 580)
4(982 1109 1113 985)
4(991 993 1121 1119)
4(580 584 586 582)
4(580 581 585 584)
4(1119 1121 1122 1120)
4(287 306 581 567)
4(1100 1106 1123 1116)
4(1104 1120 1123 1106)
4(291 572 588 311)
4(1116 1123 1124 1118)
4(1120 1122 1124 1123)
4(572 573 589 588)
4(1111 1125 1127 1113)
4(306 309 585 581)
4(1111 1112 1126 1125)
4(311 588 590 313)
4(588 589 591 590)
4(1125 1129 1131 1127)
4(437 568 582 456)
4(1125 1126 1130 1129)
4(445 465 592 576)
4(576 592 593 577)
4(846 865 1126 1112)
4(850 1117 1133 870)
4(456 582 586 459)
4(465 467 594 592)
4(1117 1118 1134 1133)
4(592 594 595 593)
4(573 579 596 589)
4(865 868 1130 1126)
4(870 1133 1135 872)
4(577 593 596 579)
4(589 596 597 591)
4(1133 1134 1136 1135)
4(593 595 597 596)
4(584 598 600 586)
4(584 585 599 598)
4(985 1113 1127 1004)
4(993 1013 1137 1121)
4(598 602 604 600)
4(598 599 603 602)
4(1121 1137 1138 1122)
4(309 328 599 585)
4(313 590 606 333)
4(1004 1127 1131 1007)
4(1013 1015 1139 1137)
4(590 591 607 606)
4(328 331 603 599)
4(1137 1139 1140 1138)
4(333 606 608 335)
4(1118 1124 1141 1134)
4(1122 1138 1141 1124)
4(606 607 609 608)
4(1134 1141 1142 1136)
4(1138 1140 1142 1141)
4(459 586 600 478)
4(1129 1143 1145 1131)
4(467 487 610 594)
4(1129 1130 1144 1143)
4(594 610 611 595)
4(478 600 604 481)
4(1143 1147 1149 1145)
4(487 489 612 610)
4(1143 1144 1148 1147)
4(610 612 613 611)
4(591 597 614 607)
4(868 887 1144 1130)
4(872 1135 1151 892)
4(595 611 614 597)
4(607 614 615 609)
4(1135 1136 1152 1151)
4(611 613 615 614)
4(160 616 618 162)
4(887 890 1148 1144)
4(892 1151 1153 894)
4(160 161 617 616)
4(616 620 622 618)
4(1151 1152 1154 1153)
4(616 617 621 620)
4(161 168 624 617)
4(168 169 625 624)
4(1007 1131 1145 1026)
4(1015 1035 1155 1139)
4(170 626 627 171)
4(617 624 628 621)
4(1139 1155 1156 1140)
4(624 625 629 628)
4(626 630 631 627)
4(1026 1145 1149 1029)
4(1035 1037 1157 1155)
4(162 618 632 176)
4(176 632 634 178)
4(1155 1157 1158 1156)
4(177 179 635 633)
4(1136 1142 1159 1152)
4(1140 1156 1159 1142)
4(618 622 636 632)
4(1152 1159 1160 1154)
4(1156 1158 1160 1159)
4(632 636 638 634)
4(1147 1161 1163 1149)
4(633 635 639 637)
4(1147 1148 1162 1161)
4(170 181 640 626)
4(177 633 640 181)
4(1161 1165 1167 1163)
4(626 640 641 630)
4(1161 1162 1166 1165)
4(633 637 641 640)
4(620 642 644 622)
4(890 909 1162 1148)
4(894 1153 1169 914)
4(620 621 643 642)
4(642 646 648 644)
4(1153 1154 1170 1169)
4(642 643 647 646)
4(621 628 650 643)
4(909 912 1166 1162)
4(914 1169 1171 916)
4(628 629 651 650)
4(630 652 653 631)
4(1169 1170 1172 1171)
4(643 650 654 647)
4(650 651 655 654)
4(652 656 657 653)
4(1029 1149 1163 1048)
4(1037 1057 1173 1157)
4(622 644 658 636)
4(636 658 660 638)
4(1157 1173 1174 1158)
4(637 639 661 659)
4(644 648 662 658)
4(1048 1163 1167 1051)
4(1057 1059 1175 1173)
4(658 662 664 660)
4(659 661 665 663)
4(1173 1175 1176 1174)
4(630 641 666 652)
4(1154 1160 1177 1170)
4(1158 1174 1177 1160)
4(637 659 666 641)
4(1170 1177 1178 1172)
4(1174 1176 1178 1177)
4(652 666 667 656)
4(1165 1179 1181 1167)
4(659 663 667 666)
4(1165 1166 1180 1179)
4(646 668 670 648)
4(1179 1180 1182 1181)
4(912 925 1180 1166)
4(916 1171 1183 927)
4(646 647 669 668)
4(925 927 1183 1180)
4(1171 1172 1184 1183)
4(668 672 674 670)
4(1180 1183 1184 1182)
4(668 669 673 672)
4(1051 1167 1181 1066)
4(1059 1070 1185 1175)
4(1066 1181 1185 1070)
4(647 654 676 669)
4(1175 1185 1186 1176)
4(1181 1182 1186 1185)
4(1172 1178 1187 1184)
4(1176 1186 1187 1178)
4(1182 1184 1187 1186)
)


// ************************************************************************* //
