/*--------------------------------*- C++ -*----------------------------------*\
| =========                 |                                                 |
| \\      /  F ield         | OpenFOAM: The Open Source CFD Toolbox           |
|  \\    /   O peration     | Version:  2412                                  |
|   \\  /    A nd           | Website:  www.openfoam.com                      |
|    \\/     M anipulation  |                                                 |
\*---------------------------------------------------------------------------*/
FoamFile
{
    version     2.0;
    format      ascii;
    arch        "LSB;label=32;scalar=64";
    class       labelList;
    location    "constant/polyMesh";
    object      neighbour;
}
// * * * * * * * * * * * * * * * * * * * * * * * * * * * * * * * * * * * * * //


2416
(
346
1
340
3
414
6
2
341
5
341
8
78
347
350
416
9
351
5
4
346
12
343
344
156
492
13
345
347
345
16
354
8
494
12
7
355
10
347
14
18
9
358
16
10
84
350
354
11
11
349
17
20
86
352
356
21
360
16
13
14
351
358
162
15
352
17
15
24
426
353
164
25
353
359
17
362
428
28
363
20
358
24
19
355
22
356
26
30
21
504
28
22
96
357
359
23
23
357
29
32
98
366
506
33
367
28
25
26
359
370
174
27
362
29
27
36
366
361
176
37
364
368
29
372
363
40
370
32
364
36
31
438
34
365
38
42
33
365
40
34
108
371
374
35
35
440
41
44
110
375
370
45
367
40
37
38
368
516
186
39
369
41
39
48
371
369
188
49
378
518
41
379
371
52
382
44
374
48
43
378
46
373
50
54
45
376
52
46
120
380
384
47
47
375
53
56
122
382
376
57
450
52
49
50
377
377
198
51
383
53
51
60
385
452
200
61
386
382
53
379
380
64
528
56
381
60
55
383
58
381
62
66
57
387
64
58
132
530
388
59
59
383
65
68
134
389
385
69
387
64
61
62
386
389
210
63
462
65
63
72
389
388
212
73
540
391
65
392
394
76
396
68
393
72
67
393
70
402
74
312
69
395
76
70
144
397
403
71
71
398
77
314
146
395
400
315
406
76
73
74
398
397
222
75
400
77
75
318
408
399
224
319
400
548
77
401
401
322
79
410
550
411
84
80
403
81
404
85
406
408
82
405
88
405
82
414
407
90
409
83
415
92
410
407
235
412
93
85
418
410
86
88
409
90
87
87
412
420
96
89
411
91
97
412
560
92
89
413
413
94
100
422
92
562
91
423
94
415
102
416
93
94
418
420
242
95
417
95
104
417
426
244
105
97
419
421
98
100
427
102
99
99
422
419
108
101
424
103
109
430
422
104
101
421
424
106
112
432
104
423
103
424
106
572
114
425
105
106
425
434
254
107
574
107
116
435
427
256
117
109
428
430
110
112
432
114
111
111
429
429
120
113
438
115
121
431
433
116
113
439
434
118
124
431
116
436
115
442
118
434
126
433
117
118
436
444
266
119
435
119
128
436
584
268
129
121
437
437
122
124
446
126
123
123
586
447
132
125
439
127
133
440
442
128
125
444
441
130
136
441
128
450
127
443
130
445
138
451
129
130
446
443
278
131
448
131
140
454
446
280
141
133
445
448
134
136
456
138
135
135
447
448
144
137
596
139
145
449
449
140
137
458
598
142
148
459
140
451
139
452
142
454
150
456
141
142
453
453
290
143
462
143
152
455
457
292
153
145
463
458
146
148
455
150
147
147
460
464
390
149
458
151
391
457
460
152
149
465
459
154
394
460
152
608
151
461
154
461
396
466
153
154
610
467
302
155
463
155
398
464
465
304
399
466
466
157
467
162
619
158
159
469
163
470
472
160
474
166
471
160
471
480
168
161
473
475
170
237
481
476
473
171
478
484
163
164
476
166
168
165
475
478
165
174
486
167
169
175
477
478
170
167
552
479
172
178
479
170
488
169
554
172
489
180
171
481
172
246
482
484
173
173
486
182
248
483
483
183
492
485
175
176
487
178
180
177
493
488
177
186
485
179
181
187
490
496
182
179
488
487
184
190
490
182
498
181
489
184
490
192
183
564
184
258
491
491
185
185
500
194
260
566
501
195
493
494
187
188
496
190
192
189
498
495
189
198
495
191
193
199
504
497
194
191
499
505
196
202
500
194
497
193
502
196
508
204
195
500
196
270
499
502
197
197
510
206
272
501
502
207
576
503
199
200
503
202
204
201
512
578
201
210
513
203
205
211
505
506
206
203
508
510
208
214
507
206
507
205
516
208
509
216
207
511
208
282
517
512
209
209
509
218
284
514
520
219
512
511
211
212
514
214
216
213
522
513
213
222
514
215
217
223
588
515
218
215
515
524
220
226
590
218
525
217
517
220
518
228
219
520
220
294
522
519
221
221
519
230
296
528
521
231
523
529
223
224
524
226
228
225
521
526
225
468
532
227
229
469
524
523
230
227
526
534
232
472
525
230
526
229
600
232
527
474
231
527
232
306
536
602
233
233
537
476
308
529
530
477
532
236
534
238
531
240
531
540
236
533
242
535
239
541
243
238
536
533
538
246
239
542
536
247
535
538
543
250
537
243
538
247
241
612
245
539
249
252
539
544
243
244
614
250
245
545
541
245
254
542
251
255
247
543
544
248
250
544
249
249
545
621
258
251
549
259
553
547
251
551
555
262
558
255
549
259
253
550
257
556
261
264
551
551
255
256
560
262
257
557
561
257
266
553
263
267
259
554
556
260
262
555
261
261
555
564
270
263
557
271
565
557
263
568
561
274
565
267
559
271
265
563
269
567
273
276
570
561
267
268
562
274
269
568
563
269
278
563
275
279
271
572
569
272
274
573
273
273
565
566
282
275
568
283
567
567
275
576
569
286
577
279
569
283
277
580
281
573
285
288
577
571
279
280
575
286
281
579
582
281
290
573
287
291
283
574
580
284
286
575
285
285
575
584
294
287
581
295
585
577
287
578
580
298
579
291
579
295
289
588
293
581
297
300
589
581
291
292
592
298
293
585
589
293
302
583
299
303
295
587
591
296
298
594
297
297
585
586
306
299
592
307
587
587
299
596
593
310
597
303
589
307
301
590
305
592
309
546
591
591
303
304
600
310
305
593
601
305
548
593
311
549
307
604
597
308
310
601
309
309
595
599
552
311
603
553
606
597
311
598
604
556
599
314
599
318
313
608
316
605
320
324
315
609
322
316
390
601
602
317
317
604
323
326
392
603
603
327
612
322
319
320
605
613
468
321
605
323
321
330
616
609
470
331
613
607
323
611
615
334
618
326
609
330
325
610
328
616
332
336
327
611
334
328
402
611
619
329
329
617
335
338
404
620
613
339
614
334
331
332
616
615
480
333
615
335
333
342
621
617
482
343
622
617
335
623
620
346
622
338
620
342
337
623
340
622
344
348
339
623
-1
-1
-1
-1
-1
-1
-1
-1
-1
-1
-1
-1
-1
-1
-1
-1
-1
-1
-1
-1
-1
-1
-1
-1
-1
-1
-1
-1
-1
-1
-1
-1
-1
-1
-1
-1
-1
-1
-1
-1
-1
-1
-1
-1
-1
-1
-1
-1
-1
-1
-1
-1
-1
-1
-1
-1
-1
-1
-1
-1
-1
-1
-1
-1
-1
-1
-1
-1
-1
-1
-1
-1
-1
-1
-1
-1
-1
-1
-1
-1
-1
-1
-1
-1
-1
-1
-1
-1
-1
-1
-1
-1
-1
-1
-1
-1
-1
-1
-1
-1
-1
-1
-1
-1
-1
-1
-1
-1
-1
-1
-1
-1
-1
-1
-1
-1
-1
-1
-1
-1
-1
-1
-1
-1
-1
-1
-1
-1
-1
-1
-1
-1
-1
-1
-1
-1
-1
-1
-1
-1
-1
-1
-1
-1
-1
-1
-1
-1
-1
-1
-1
-1
-1
-1
-1
-1
-1
-1
-1
-1
-1
-1
-1
-1
-1
-1
-1
-1
-1
-1
-1
-1
-1
-1
-1
-1
-1
-1
-1
-1
-1
-1
-1
-1
-1
-1
-1
-1
-1
-1
-1
-1
-1
-1
-1
-1
-1
-1
-1
-1
-1
-1
-1
-1
-1
-1
-1
-1
-1
-1
-1
-1
-1
-1
-1
-1
-1
-1
-1
-1
-1
-1
-1
-1
-1
-1
-1
-1
-1
-1
-1
-1
-1
-1
-1
-1
-1
-1
-1
-1
-1
-1
-1
-1
-1
-1
-1
-1
-1
-1
-1
-1
-1
-1
-1
-1
-1
-1
-1
-1
-1
-1
-1
-1
-1
-1
-1
-1
-1
-1
-1
-1
-1
-1
-1
-1
-1
-1
-1
-1
-1
-1
-1
-1
-1
-1
-1
-1
-1
-1
-1
-1
-1
-1
-1
-1
-1
-1
-1
-1
-1
-1
-1
-1
-1
-1
-1
-1
-1
-1
-1
-1
-1
-1
-1
-1
-1
-1
-1
-1
-1
-1
-1
-1
-1
-1
-1
-1
-1
-1
-1
-1
-1
-1
-1
-1
-1
-1
-1
-1
-1
-1
-1
-1
-1
-1
-1
-1
-1
-1
-1
-1
-1
-1
-1
-1
-1
-1
-1
-1
-1
-1
-1
-1
-1
-1
-1
-1
-1
-1
-1
-1
-1
-1
-1
-1
-1
-1
-1
-1
-1
-1
-1
-1
-1
-1
-1
-1
-1
-1
-1
-1
-1
-1
-1
-1
-1
-1
-1
-1
-1
-1
-1
-1
-1
-1
-1
-1
-1
-1
-1
-1
-1
-1
-1
-1
-1
-1
-1
-1
-1
-1
-1
-1
-1
-1
-1
-1
-1
-1
-1
-1
-1
-1
-1
-1
-1
-1
-1
-1
-1
-1
-1
-1
-1
-1
-1
-1
-1
-1
-1
-1
-1
-1
-1
-1
-1
-1
-1
-1
-1
-1
-1
-1
-1
-1
-1
-1
-1
-1
-1
-1
-1
-1
-1
-1
-1
-1
-1
-1
-1
-1
-1
-1
-1
-1
-1
-1
-1
-1
-1
-1
-1
-1
-1
-1
-1
-1
-1
-1
-1
-1
-1
-1
-1
-1
-1
-1
-1
-1
-1
-1
-1
-1
-1
-1
-1
-1
-1
-1
-1
-1
-1
-1
-1
-1
-1
-1
-1
-1
-1
-1
-1
-1
-1
-1
-1
-1
-1
-1
-1
-1
-1
-1
-1
-1
-1
-1
-1
-1
-1
-1
-1
-1
-1
-1
-1
-1
-1
-1
-1
-1
-1
-1
-1
-1
-1
-1
-1
-1
-1
-1
-1
-1
-1
-1
-1
-1
-1
-1
-1
-1
-1
-1
-1
-1
-1
-1
-1
-1
-1
-1
-1
-1
-1
-1
-1
-1
-1
-1
-1
-1
-1
-1
-1
-1
-1
-1
-1
-1
-1
-1
-1
-1
-1
-1
-1
-1
-1
-1
-1
-1
-1
-1
-1
-1
-1
-1
-1
-1
-1
-1
-1
-1
-1
-1
-1
-1
-1
-1
-1
-1
-1
-1
-1
-1
-1
-1
-1
-1
-1
-1
-1
-1
-1
-1
-1
-1
-1
-1
-1
-1
-1
-1
-1
-1
-1
-1
-1
-1
-1
-1
-1
-1
-1
-1
-1
-1
-1
-1
-1
-1
-1
-1
-1
-1
-1
-1
-1
-1
-1
-1
-1
-1
-1
-1
-1
-1
-1
-1
-1
-1
-1
-1
-1
-1
-1
-1
-1
-1
-1
-1
-1
-1
-1
-1
-1
-1
-1
-1
-1
-1
-1
-1
-1
-1
-1
-1
-1
-1
-1
-1
-1
-1
-1
-1
-1
-1
-1
-1
-1
-1
-1
-1
-1
-1
-1
-1
-1
-1
-1
-1
-1
-1
-1
-1
-1
-1
-1
-1
-1
-1
-1
-1
-1
-1
-1
-1
-1
-1
-1
-1
-1
-1
-1
-1
-1
-1
-1
-1
-1
-1
-1
-1
-1
-1
-1
-1
-1
-1
-1
-1
-1
-1
-1
-1
-1
-1
-1
-1
-1
-1
-1
-1
-1
-1
-1
-1
-1
-1
-1
-1
-1
-1
-1
-1
-1
-1
-1
-1
-1
-1
-1
-1
-1
-1
-1
-1
-1
-1
-1
-1
-1
-1
-1
-1
-1
-1
-1
-1
-1
-1
-1
-1
-1
-1
-1
-1
-1
-1
-1
-1
-1
-1
-1
-1
-1
-1
-1
-1
-1
-1
-1
-1
-1
-1
-1
-1
-1
-1
-1
-1
-1
-1
-1
-1
-1
-1
-1
-1
-1
-1
-1
-1
-1
-1
-1
-1
-1
-1
-1
-1
-1
-1
-1
-1
-1
-1
-1
-1
-1
-1
-1
-1
-1
-1
-1
-1
-1
-1
-1
-1
-1
-1
-1
-1
-1
-1
-1
-1
-1
-1
-1
-1
-1
-1
-1
-1
-1
-1
-1
-1
-1
-1
-1
-1
-1
-1
-1
-1
-1
-1
-1
-1
-1
-1
-1
-1
-1
-1
-1
-1
-1
-1
-1
-1
-1
-1
-1
-1
-1
-1
-1
-1
-1
-1
-1
-1
-1
-1
-1
-1
-1
-1
-1
-1
-1
-1
-1
-1
-1
-1
-1
-1
-1
-1
-1
-1
-1
-1
-1
-1
-1
-1
-1
-1
-1
-1
-1
-1
-1
-1
-1
-1
-1
-1
-1
-1
-1
-1
-1
-1
-1
-1
-1
-1
-1
-1
-1
-1
-1
-1
-1
-1
-1
-1
-1
-1
-1
-1
-1
-1
-1
-1
-1
-1
-1
-1
-1
-1
-1
-1
-1
-1
-1
-1
-1
-1
-1
-1
-1
-1
-1
-1
-1
-1
-1
-1
-1
-1
-1
-1
-1
-1
-1
-1
-1
-1
-1
-1
-1
-1
-1
-1
-1
-1
-1
-1
-1
-1
-1
-1
-1
-1
-1
-1
-1
-1
)


// ************************************************************************* //
