/*--------------------------------*- C++ -*----------------------------------*\
| =========                 |                                                 |
| \\      /  F ield         | OpenFOAM: The Open Source CFD Toolbox           |
|  \\    /   O peration     | Version:  2412                                  |
|   \\  /    A nd           | Website:  www.openfoam.com                      |
|    \\/     M anipulation  |                                                 |
\*---------------------------------------------------------------------------*/
FoamFile
{
    version     2.0;
    format      ascii;
    arch        "LSB;label=32;scalar=64";
    class       vectorField;
    location    "constant/polyMesh";
    object      points;
}
// * * * * * * * * * * * * * * * * * * * * * * * * * * * * * * * * * * * * * //


1188
(
(-1.92662726841437 -1.92662726841437 -7)
(-1.05200068361597 -1.9310458482496 -7)
(-1.9310458482496 -1.05200068361597 -7)
(-1.00735418390664 -1.00735418390664 -7)
(-2 -1.93193945771722 -6.11791606607605)
(-1.11601463588252 -2 -6.12114330981745)
(-2 -1.11601463588252 -6.12114330981745)
(-1.00000000000003 -1.00000000000003 -6.00000000000003)
(-0.46527744383764 -1.93046086860062 -7)
(-0.193025246856235 -0.552432268943071 -7)
(-2.62012633811537e-14 -1.93051076201122 -7)
(2.20565441466647e-08 -0.572064147176462 -7)
(-0.50910637149717 -2 -6.12907465039833)
(-3.13915560212763e-14 -2 -6.1312802647729)
(-0.174276196811749 -0.468522657520352 -6)
(-9.18485073264427e-17 -0.5 -6)
(-1.93046086860062 -0.46527744383764 -7)
(-0.552432115208254 -0.193025775014283 -7)
(-1.93051076201122 -2.64233079860787e-14 -7)
(-0.572064147176462 -2.20565530284489e-08 -7)
(-2 -0.50910637149717 -6.12907465039833)
(-0.468487497215595 -0.174367346344419 -6)
(-2 -3.10862446895044e-14 -6.1312802647729)
(-0.5 6.12323426292584e-17 -6)
(-0.374249896315397 -0.374250046133739 -7)
(-0.353553384542465 -0.353553384542465 -5.99760579193194)
(-2 -1.93197832961313 -5.51221546970041)
(-1.13085031050857 -2 -5.51291255113065)
(-2 -1.13085031050857 -5.51291255113065)
(-1.00000000000003 -1.00000000000003 -5.50000000000003)
(-2 -1.93198319513277 -5.00000000000003)
(-1.13401724966863 -2 -5.00000000000003)
(-2 -1.13401724966864 -5.00000000000003)
(-1.00000000000003 -1.00000000000003 -5.00000000000003)
(-0.515769996818348 -2 -5.51576999681835)
(-3.19744231092045e-14 -2 -5.51728312866721)
(-0.17023125183175 -0.470082967201106 -5.50005864768602)
(-9.18485073264427e-17 -0.5 -5.50166980799321)
(-0.517283128667212 -2 -5.00000000000003)
(-3.24185123190546e-14 -2 -5.00000000000003)
(-0.16925058673058 -0.470461252013013 -5.00045141896469)
(-9.18485073264427e-17 -0.5 -5.00083572446761)
(-2 -0.515769996818348 -5.51576999681835)
(-0.469961426054954 -0.17054633495599 -5.49995758811133)
(-2 -3.15303338993544e-14 -5.51728312866721)
(-0.5 6.12323426292584e-17 -5.50166980799313)
(-2 -0.517283128667212 -5.00000000000003)
(-0.47077202796936 -0.168444931507111 -5.00016259911557)
(-2 -3.17523785042795e-14 -5.00000000000003)
(-0.5 6.12323426292584e-17 -5.0008357244674)
(-0.353553384542465 -0.353553384542465 -5.49839023817358)
(-0.353553384542465 -0.353553384542465 -4.99974447267027)
(-2 -1.93198319513277 -4.50000000000003)
(-1.13401724966864 -2 -4.50000000000003)
(-2 -1.13401724966864 -4.50000000000003)
(-1.00000000000003 -1.00000000000003 -4.50000000000003)
(-2 -1.93198319513277 -4.00000000000003)
(-1.13401724966864 -2 -4.00000000000003)
(-2 -1.13401724966864 -4.00000000000003)
(-1.00000000000003 -1.00000000000003 -4.00000000000003)
(-0.517283128667212 -2 -4.50000000000003)
(-3.1863400806742e-14 -2 -4.50000000000003)
(-0.168450870687705 -0.470769736971331 -4.50021896950856)
(-9.18485073264427e-17 -0.5 -4.49999999999999)
(-0.517283128667211 -2 -4.00000000000003)
(-3.1641356201817e-14 -2 -4.00000000000003)
(-0.168444931507111 -0.47077202796936 -3.99983740088375)
(-9.18485073264427e-17 -0.5 -3.99916427553244)
(-2 -0.517283128667212 -4.50000000000003)
(-0.470769736971336 -0.168450870687692 -4.49978103048866)
(-2 -3.21964677141295e-14 -4.50000000000003)
(-0.5 6.12323426292584e-17 -4.49999999999967)
(-2 -0.517283128667212 -4.00000000000003)
(-0.470461252013 -0.169250586730616 -3.99954858103358)
(-2 -3.24185123190546e-14 -4.00000000000003)
(-0.5 6.12323426292584e-17 -3.99916427553227)
(-0.353553384542465 -0.353553384542465 -4.4999999999997)
(-0.353553384542465 -0.353553384542465 -4.00025552732943)
(-2 -1.93198319513277 -3.50000000000003)
(-1.13401724966863 -2 -3.50000000000003)
(-2 -1.13401724966864 -3.50000000000003)
(-1.00000000000003 -1.00000000000003 -3.50000000000003)
(-2 -1.93198319513277 -3.00000000000003)
(-1.13401724966863 -2 -3.00000000000003)
(-2 -1.13401724966864 -3.00000000000003)
(-1.00000000000003 -1.00000000000003 -3.00000000000003)
(-0.517283128667211 -2 -3.50000000000003)
(-3.1641356201817e-14 -2 -3.50000000000003)
(-0.170430507838344 -0.470006105568235 -3.49975253480398)
(-9.18485073264427e-17 -0.5 -3.4991159536744)
(-0.517283128667212 -2 -3.00000000000003)
(-3.17523785042795e-14 -2 -3.00000000000003)
(-0.170815870418726 -0.469857454605677 -3.00010593388658)
(-9.18485073264427e-17 -0.5 -3.00000000000001)
(-2 -0.517283128667212 -3.50000000000003)
(-0.470126248356912 -0.170119049814378 -3.49957661825653)
(-2 -3.17523785042795e-14 -3.50000000000003)
(-0.5 6.12323426292584e-17 -3.49911595367473)
(-2 -0.517283128667212 -3.00000000000003)
(-0.469857454605657 -0.170815870418778 -2.99989406610553)
(-2 -3.21964677141295e-14 -3.00000000000003)
(-0.5 6.12323426292584e-17 -3.00000000000009)
(-0.353553384542465 -0.353553384542465 -3.50030388618094)
(-0.353553384542465 -0.353553384542465 -3.00000000000001)
(-2 -1.93198319513277 -2.50000000000003)
(-1.13401724966864 -2 -2.50000000000003)
(-2 -1.13401724966864 -2.50000000000003)
(-1.00000000000003 -1.00000000000003 -2.50000000000003)
(-2 -1.93198319513277 -2.00000000000003)
(-1.13401724966863 -2 -2.00000000000003)
(-2 -1.13401724966864 -2.00000000000003)
(-1.00000000000003 -1.00000000000003 -2.00000000000003)
(-0.517283128667212 -2 -2.50000000000003)
(-3.19744231092045e-14 -2 -2.50000000000003)
(-0.170119049814363 -0.470126248356918 -2.50042338173356)
(-9.18485073264427e-17 -0.5 -2.50088404632507)
(-0.517283128667212 -2 -2.00000000000003)
(-3.17523785042795e-14 -2 -2.00000000000003)
(-0.16925058673058 -0.470461252013013 -2.00045141896469)
(-9.18485073264427e-17 -0.5 -2.00083572446761)
(-2 -0.517283128667212 -2.50000000000003)
(-0.470006105568217 -0.170430507838391 -2.50024746519628)
(-2 -3.19744231092045e-14 -2.50000000000003)
(-0.5 6.12323426292584e-17 -2.50088404632534)
(-2 -0.517283128667213 -2.00000000000003)
(-0.47077202796936 -0.168444931507111 -2.00016259911656)
(-2 -3.1863400806742e-14 -2.00000000000003)
(-0.5 6.12323426292584e-17 -2.0008357244674)
(-0.353553384542465 -0.353553384542465 -2.49969611381847)
(-0.353553384542465 -0.353553384542465 -1.99974447267027)
(-2 -1.93198319513277 -1.50000000000003)
(-1.13401724966864 -2 -1.50000000000003)
(-2 -1.13401724966864 -1.50000000000003)
(-1.00000000000003 -1.00000000000003 -1.50000000000003)
(-2 -1.93198319513277 -1.00000000000003)
(-1.13401724966864 -2 -1.00000000000003)
(-2 -1.13401724966864 -1.00000000000003)
(-1.00000000000003 -1.00000000000003 -1.00000000000003)
(-0.517283128667213 -2 -1.50000000000003)
(-3.21964677141295e-14 -2 -1.50000000000003)
(-0.168450870687705 -0.470769736971331 -1.50021896950856)
(-9.18485073264427e-17 -0.5 -1.49999999999999)
(-0.517283128667217 -2 -1.00000000000003)
(-3.15303338993544e-14 -2 -1.00000000000003)
(-0.168444931507111 -0.47077202796936 -0.999837400883746)
(-9.18485073264427e-17 -0.5 -0.999164275532435)
(-2 -0.517283128667213 -1.50000000000003)
(-0.470769736971325 -0.168450870687722 -1.49978103048866)
(-2 -3.19744231092045e-14 -1.50000000000003)
(-0.5 6.12323426292584e-17 -1.49999999999967)
(-2 -0.517283128667217 -1.00000000000003)
(-0.470461252013 -0.169250586730616 -0.999548581033584)
(-2 -3.18078896555107e-14 -1.00000000000003)
(-0.5 6.12323426292584e-17 -0.999164275532268)
(-0.353553384542465 -0.353553384542465 -1.4999999999997)
(-0.353553384542465 -0.353553384542465 -1.00025552732942)
(-2 -1.93198319513277 -0.500000000000032)
(-1.13401724966864 -2 -0.500000000000032)
(-2 -1.13401724966864 -0.500000000000032)
(-1.00000000000003 -1.00000000000003 -0.500000000000032)
(-2 -1.93198319513277 -3.23352455922077e-14)
(-1.13401724966864 -2 -3.24185123190546e-14)
(-2 -1.13401724966864 -3.24185123190546e-14)
(-1.00000000000003 -1.00000000000003 -3.2e-14)
(-0.517283128667213 -2 -0.500000000000032)
(-3.01980662698043e-14 -2 -0.500000000000032)
(-0.170430507838344 -0.470006105568235 -0.499752534803977)
(-9.18485073264427e-17 -0.5 -0.499115953674396)
(-0.517283128667217 -2 -3.30846461338297e-14)
(-1.37667655053519e-14 -2 -3.90798504668055e-14)
(-0.170815870418786 -0.469857454605654 -0.000105933894447796)
(-9.18485073264427e-17 -0.5 -1.24344978758018e-14)
(-2 -0.517283128667217 -0.500000000000033)
(-0.470126248356912 -0.170119049814378 -0.499576618264394)
(-2 -3.24740234702858e-14 -0.500000000000032)
(-0.5 6.12323426292584e-17 -0.499115953674734)
(-2 -0.517283128667217 -3.28626015289046e-14)
(-0.469857454605657 -0.170815870418778 0.000105933894474383)
(-2 -3.24185123190546e-14 -3.28626015289046e-14)
(-0.5 6.12323426292584e-17 -1.29674049276218e-13)
(-0.353553384542465 -0.353553384542465 -0.500303886180936)
(-0.353553384542465 -0.353553384542465 -1.28785870856518e-14)
(0.465277443837588 -1.93046086860062 -7)
(0.19299471766576 -0.552445874473991 -7)
(1.05200068361593 -1.9310458482496 -7)
(1.00735253865706 -1.00736136501038 -7)
(0.509106371497109 -2 -6.12907465039833)
(1.11601463588248 -2 -6.12114330981745)
(0.173418512125677 -0.468853503483728 -6)
(0.999999999999968 -1.00000000000003 -6.00000000000003)
(1.92662726841437 -1.92662726841437 -7)
(1.93104586394325 -1.05200320420878 -7)
(1.93193945771721 -2 -6.11791606607606)
(2 -1.11601463588252 -6.12114330981745)
(0.373148045857775 -0.375379347035544 -7)
(0.552348742573967 -0.193318640319085 -7)
(0.348112481259863 -0.358733561131573 -5.99912547668096)
(0.458664990153525 -0.198729475811631 -5.99891753681687)
(0.571954643384243 -4.44089209850063e-15 -7)
(0.5 -1.22464685258517e-16 -5.99560165859294)
(1.93046074404977 -0.465275700045535 -7)
(1.93051050662156 -2.66453525910038e-14 -7)
(2 -0.50910637149717 -6.12907465039833)
(2 -3.16691117774326e-14 -6.1312802647729)
(0.515769996818286 -2 -5.51576999681835)
(1.13085031050852 -2 -5.51291255113065)
(0.169154402399653 -0.470498354456538 -5.50049774944604)
(0.999999999999968 -1.00000000000003 -5.50000000000003)
(0.51728312866715 -2 -5.00000000000003)
(1.13401724966859 -2 -5.00000000000003)
(0.168444931507111 -0.47077202796936 -5.0001022687884)
(0.999999999999968 -1.00000000000003 -5.00000000000003)
(1.93197832961312 -2 -5.51221546970041)
(2 -1.13085031050857 -5.51291255113065)
(1.93198319513276 -2 -5.00000000000003)
(2 -1.13401724966864 -5.00000000000003)
(0.344210038361954 -0.362448999964076 -5.49903798529578)
(0.458520234920654 -0.199056039187164 -5.49928946663258)
(0.5 -1.22464685258517e-16 -5.4997886409127)
(0.343571437488992 -0.363056999246563 -4.99959386601685)
(0.458423992779762 -0.199273158511801 -4.99983145674336)
(0.5 -1.22464685258517e-16 -5)
(2 -0.515769996818348 -5.51576999681835)
(2 -3.15303338993544e-14 -5.51728312866721)
(2 -0.517283128667212 -5.00000000000003)
(2 -3.24185123190546e-14 -5.00000000000003)
(0.51728312866715 -2 -4.50000000000003)
(1.13401724966859 -2 -4.50000000000003)
(0.168444931507111 -0.47077202796936 -4.49965223542642)
(0.999999999999968 -1.00000000000003 -4.50000000000003)
(0.517283128667151 -2 -4.00000000000003)
(1.13401724966859 -2 -4.00000000000003)
(0.168444931507111 -0.47077202796936 -3.99936918699173)
(0.999999999999968 -1.00000000000003 -4.00000000000003)
(1.93198319513276 -2 -4.50000000000003)
(2 -1.13401724966864 -4.50000000000003)
(1.93198319513276 -2 -4.00000000000003)
(2 -1.13401724966863 -4.00000000000003)
(0.343480502991472 -0.363143576186223 -4.49978866670171)
(0.458422080590468 -0.19927747235233 -4.49990094912544)
(0.5 -1.22464685258517e-16 -4.50000000000393)
(0.343721072179917 -0.36291453501175 -3.99986074383613)
(0.458432098840271 -0.199254871487356 -3.99995866056523)
(0.5 -1.22464685258517e-16 -4)
(2 -0.517283128667212 -4.50000000000003)
(2 -3.1863400806742e-14 -4.50000000000003)
(2 -0.517283128667211 -4.00000000000003)
(2 -3.1641356201817e-14 -4.00000000000003)
(0.517283128667151 -2 -3.50000000000003)
(1.13401724966859 -2 -3.50000000000003)
(0.168449910393209 -0.470770107398322 -3.49943289523268)
(0.999999999999968 -1.00000000000003 -3.50000000000003)
(0.517283128667151 -2 -3.00000000000003)
(1.13401724966859 -2 -3.00000000000003)
(0.169165104534702 -0.470494226181617 -2.99985030132441)
(0.999999999999968 -1.00000000000003 -3.00000000000003)
(1.93198319513276 -2 -3.50000000000003)
(2 -1.13401724966863 -3.50000000000003)
(1.93198319513276 -2 -3.00000000000003)
(2 -1.13401724966863 -3.00000000000003)
(0.343996838259835 -0.362651983571839 -3.49992783669899)
(0.458450224790919 -0.199213979897386 -3.49998166592405)
(0.5 -1.22464685258517e-16 -3.50000000000787)
(0.344139671210556 -0.362515995139579 -2.99987086935728)
(0.458448192056094 -0.199218565684945 -2.99993282609809)
(0.5 -1.22464685258517e-16 -3.00000000000786)
(2 -0.517283128667211 -3.50000000000003)
(2 -3.1641356201817e-14 -3.50000000000003)
(2 -0.517283128667212 -3.00000000000003)
(2 -3.17523785042795e-14 -3.00000000000003)
(0.517283128667151 -2 -2.50000000000003)
(1.13401724966859 -2 -2.50000000000003)
(0.168764916580176 -0.470648595930193 -2.50023623464669)
(0.999999999999968 -1.00000000000003 -2.50000000000003)
(0.51728312866715 -2 -2.00000000000003)
(1.13401724966859 -2 -2.00000000000003)
(0.168444931507111 -0.47077202796936 -2.0001022687884)
(0.999999999999968 -1.00000000000003 -2.00000000000003)
(1.93198319513276 -2 -2.50000000000003)
(2 -1.13401724966864 -2.50000000000003)
(1.93198319513276 -2 -2.00000000000003)
(2 -1.13401724966863 -2.00000000000003)
(0.343881092156204 -0.362762183151792 -2.49960984381871)
(0.458434213096088 -0.199250101790932 -2.49984029815822)
(0.5 -1.22464685258517e-16 -2.50000000000098)
(0.343571437488992 -0.363056999246563 -1.99959386601685)
(0.458423992779756 -0.199273158511814 -1.9998314567434)
(0.5 -1.22464685258517e-16 -2)
(2 -0.517283128667212 -2.50000000000003)
(2 -3.19744231092045e-14 -2.50000000000003)
(2 -0.517283128667212 -2.00000000000003)
(2 -3.17523785042795e-14 -2.00000000000003)
(0.51728312866715 -2 -1.50000000000003)
(1.13401724966859 -2 -1.50000000000003)
(0.168444931507111 -0.47077202796936 -1.49965223542642)
(0.999999999999968 -1.00000000000003 -1.50000000000003)
(0.517283128667151 -2 -1.00000000000003)
(1.13401724966859 -2 -1.00000000000003)
(0.168444931507111 -0.47077202796936 -0.999369186993701)
(0.999999999999968 -1.00000000000003 -1.00000000000003)
(1.93198319513276 -2 -1.50000000000003)
(2 -1.13401724966863 -1.50000000000003)
(1.93198319513276 -2 -1.00000000000003)
(2 -1.13401724966864 -1.00000000000003)
(0.343480502991472 -0.363143576186223 -1.49978866670565)
(0.458422080590469 -0.199277472352329 -1.49990094912544)
(0.5 -1.22464685258517e-16 -1.5)
(0.343721072179893 -0.362914535011772 -0.999860743840067)
(0.45843209884031 -0.199254871487267 -0.999958660565226)
(0.5 -1.22464685258517e-16 -1.00000000000393)
(2 -0.517283128667213 -1.50000000000003)
(2 -3.21964677141295e-14 -1.50000000000003)
(2 -0.517283128667217 -1.00000000000003)
(2 -3.15303338993544e-14 -1.00000000000003)
(0.517283128667152 -2 -0.500000000000032)
(1.13401724966859 -2 -0.500000000000032)
(0.168449910393209 -0.470770107398322 -0.499432895232685)
(0.999999999999968 -1.00000000000003 -0.500000000000032)
(0.517283128667152 -2 -3.28626015289046e-14)
(1.13401724966859 -2 -3.28626015289046e-14)
(0.169165104534805 -0.470494226181577 0.000149698675248541)
(0.999999999999968 -1.00000000000003 -3.2e-14)
(1.93198319513276 -2 -0.500000000000032)
(2 -1.13401724966864 -0.500000000000032)
(1.93198319513276 -2 -3.28626015289046e-14)
(2 -1.13401724966864 -3.24185123190546e-14)
(0.343996838259835 -0.362651983571839 -0.499927836698993)
(0.458450224790971 -0.199213979897269 -0.499981665924047)
(0.5 -1.22464685258517e-16 -0.5)
(0.344139671210561 -0.362515995139575 0.000129130642126286)
(0.458448192056054 -0.199218565685036 6.71739022240004e-05)
(0.5 -1.22464685258517e-16 0)
(2 -0.517283128667213 -0.500000000000032)
(2 -3.01980662698043e-14 -0.500000000000032)
(2 -0.517283128667217 -3.30846461338297e-14)
(2 -1.37667655053519e-14 -3.90798504668055e-14)
(-1.93046086860062 0.465277443837588 -7)
(-0.552446107050609 0.192994047920428 -7)
(-1.9310458482496 1.05200068361593 -7)
(-1.00736136501038 1.00735253865706 -7)
(-2 0.509106371497108 -6.12907465039833)
(-0.468891646505157 0.173319630201818 -6)
(-2 1.11601463588248 -6.12114330981745)
(-1.00000000000003 0.999999999999968 -6.00000000000003)
(-0.375385182269665 0.373141878469774 -7)
(-0.193318663789323 0.552348746348301 -7)
(-0.358752991861509 0.348092072549759 -5.9991522239503)
(-0.198729475811631 0.458664990153525 -5.99898477273815)
(-4.44089209850063e-15 0.571954643384243 -7)
(3.06161713146292e-17 0.5 -5.99560165859279)
(-1.92662726841437 1.92662726841437 -7)
(-1.05200320420878 1.93104586394325 -7)
(-2 1.93193945771721 -6.11791606607605)
(-1.11601463588252 2 -6.12114330981745)
(-0.465275700045535 1.93046074404977 -7)
(-2.66453525910038e-14 1.93051050662156 -7)
(-0.50910637149717 2 -6.12907465039833)
(-3.06421554796543e-14 2 -6.1312802647729)
(-2 0.515769996818286 -5.51576999681835)
(-0.470622502633755 0.168832560811152 -5.5007468590797)
(-2 1.13085031050852 -5.51291255113065)
(-1.00000000000003 0.999999999999968 -5.50000000000003)
(-2 0.517283128667151 -5.00000000000003)
(-0.47077202796936 0.168444931507111 -5.00063081300609)
(-2 1.13401724966859 -5.00000000000003)
(-1.00000000000003 0.999999999999968 -5.00000000000003)
(-0.362332534398465 0.344332365828468 -5.49945771124083)
(-0.199019507988616 0.458536428047468 -5.49946486837368)
(3.06161713146292e-17 0.5 -5.49978864091163)
(-0.362914535011762 0.343721072179904 -5.00013925616169)
(-0.199254871487269 0.458432098840309 -5.00004133943337)
(3.06161713146292e-17 0.5 -4.99999999999992)
(-2 1.93197832961312 -5.51221546970041)
(-1.13085031050857 2 -5.51291255113065)
(-2 1.93198319513276 -5.00000000000003)
(-1.13401724966864 2 -5.00000000000003)
(-0.515769996818347 2 -5.51576999681835)
(-3.15303338993544e-14 2 -5.51728312866721)
(-0.517283128667212 2 -5.00000000000003)
(-3.10862446895044e-14 2 -5.00000000000003)
(-2 0.51728312866715 -4.50000000000003)
(-0.47077202796936 0.168444931507111 -4.50034776457374)
(-2 1.13401724966859 -4.50000000000003)
(-1.00000000000003 0.999999999999968 -4.50000000000003)
(-2 0.517283128667151 -4.00000000000003)
(-0.47077202796936 0.168444931507111 -3.9998977312113)
(-2 1.13401724966859 -4.00000000000003)
(-1.00000000000003 0.999999999999968 -4.00000000000003)
(-0.363143576186198 0.343480502991499 -4.50021133329418)
(-0.199277472352305 0.458422080590479 -4.50009905087619)
(3.06161713146292e-17 0.5 -4.49999999999977)
(-0.363056999246597 0.343571437488956 -4.00040613398381)
(-0.199273158511811 0.458423992779757 -4.00016854325537)
(3.06161713146292e-17 0.5 -3.99999999999968)
(-2 1.93198319513276 -4.50000000000003)
(-1.13401724966864 2 -4.50000000000003)
(-2 1.93198319513276 -4.00000000000003)
(-1.13401724966864 2 -4.00000000000003)
(-0.517283128667212 2 -4.50000000000003)
(-3.17523785042795e-14 2 -4.50000000000003)
(-0.517283128667212 2 -4.00000000000003)
(-3.17523785042795e-14 2 -4.00000000000003)
(-2 0.517283128667151 -3.50000000000003)
(-0.470648595930195 0.16876491658017 -3.4997637653516)
(-2 1.13401724966859 -3.50000000000003)
(-1.00000000000003 0.999999999999968 -3.50000000000003)
(-2 0.517283128667151 -3.00000000000003)
(-0.470494226181592 0.169165104534765 -3.0001496986666)
(-2 1.13401724966859 -3.00000000000003)
(-1.00000000000003 0.999999999999968 -3.00000000000003)
(-0.362762183151868 0.343881092156125 -3.50039015618224)
(-0.199250101791073 0.458434213096026 -3.50015970183441)
(3.06161713146292e-17 0.5 -3.49999999999977)
(-0.362515995139656 0.344139671210476 -3.00012913064295)
(-0.199218565685044 0.45844819205605 -3.00006717390212)
(3.06161713146292e-17 0.5 -3.00000000000001)
(-2 1.93198319513276 -3.50000000000003)
(-1.13401724966864 2 -3.50000000000003)
(-2 1.93198319513276 -3.00000000000003)
(-1.13401724966864 2 -3.00000000000003)
(-0.517283128667212 2 -3.50000000000003)
(-3.13082892944294e-14 2 -3.50000000000003)
(-0.517283128667212 2 -3.00000000000003)
(-3.13082892944294e-14 2 -3.00000000000003)
(-2 0.51728312866715 -2.50000000000003)
(-0.470770107398339 0.168449910393165 -2.50056710476119)
(-2 1.13401724966859 -2.50000000000003)
(-1.00000000000003 0.999999999999968 -2.50000000000003)
(-2 0.51728312866715 -2.00000000000003)
(-0.47077202796936 0.168444931507111 -2.00063081300609)
(-2 1.13401724966859 -2.00000000000003)
(-1.00000000000003 0.999999999999968 -2.00000000000003)
(-0.362651983571883 0.343996838259788 -2.50007216329726)
(-0.199213979897281 0.458450224790966 -2.5000183340719)
(3.06161713146292e-17 0.5 -2.50000000000001)
(-0.362914535011762 0.343721072179904 -2.00013925616169)
(-0.199254871487269 0.458432098840309 -2.00004133943436)
(3.06161713146292e-17 0.5 -1.99999999999992)
(-2 1.93198319513276 -2.50000000000003)
(-1.13401724966864 2 -2.50000000000003)
(-2 1.93198319513276 -2.00000000000003)
(-1.13401724966863 2 -2.00000000000003)
(-0.517283128667212 2 -2.50000000000003)
(-3.1641356201817e-14 2 -2.50000000000003)
(-0.517283128667212 2 -2.00000000000003)
(-3.1641356201817e-14 2 -2.00000000000003)
(-2 0.51728312866715 -1.50000000000003)
(-0.47077202796936 0.168444931507111 -1.50034776457374)
(-2 1.13401724966859 -1.50000000000003)
(-1.00000000000003 0.999999999999968 -1.50000000000003)
(-2 0.517283128667151 -1.00000000000003)
(-0.47077202796936 0.168444931507111 -0.999897731211303)
(-2 1.13401724966859 -1.00000000000003)
(-1.00000000000003 0.999999999999968 -1.00000000000003)
(-0.363143576186198 0.343480502991499 -1.50021133329418)
(-0.199277472352334 0.458422080590466 -1.50009905087226)
(3.06161713146292e-17 0.5 -1.49999999999977)
(-0.363056999246597 0.343571437488956 -1.00040613397988)
(-0.199273158511811 0.458423992779757 -1.00016854325537)
(3.06161713146292e-17 0.5 -0.999999999999678)
(-2 1.93198319513276 -1.50000000000003)
(-1.13401724966864 2 -1.50000000000003)
(-2 1.93198319513276 -1.00000000000003)
(-1.13401724966864 2 -1.00000000000003)
(-0.517283128667213 2 -1.50000000000003)
(-3.16968673530482e-14 2 -1.50000000000003)
(-0.517283128667217 2 -1.00000000000003)
(-3.15303338993544e-14 2 -1.00000000000003)
(-2 0.517283128667151 -0.500000000000032)
(-0.470648595930195 0.16876491658017 -0.4997637653516)
(-2 1.13401724966859 -0.500000000000032)
(-1.00000000000003 0.999999999999968 -0.500000000000032)
(-2 0.517283128667151 -3.28626015289046e-14)
(-0.470494226181592 0.169165104534765 -0.000149698666595394)
(-2 1.13401724966859 -3.28626015289046e-14)
(-1.00000000000003 0.999999999999968 -3.2e-14)
(-0.362762183151868 0.343881092156125 -0.500390156182239)
(-0.199250101791073 0.458434213096026 -0.500159701834411)
(3.06161713146292e-17 0.5 -0.499999999999769)
(-0.362515995139656 0.344139671210476 -0.000129130642952724)
(-0.199218565685044 0.45844819205605 -6.71739021154139e-05)
(3.06161713146292e-17 0.5 -8.88178419700125e-15)
(-2 1.93198319513276 -0.500000000000032)
(-1.13401724966864 2 -0.500000000000032)
(-2 1.93198319513276 -3.28626015289046e-14)
(-1.13401724966864 2 -3.24185123190546e-14)
(-0.517283128667217 2 -0.500000000000033)
(-3.15858450505857e-14 2 -0.500000000000032)
(-0.517283128667217 2 -3.28626015289046e-14)
(-3.24185123190546e-14 2 -3.28626015289046e-14)
(0.374330438914726 0.374330438914726 -7)
(0.552362217070371 0.193287396696526 -7)
(0.193287396696524 0.552362217070371 -7)
(1.00736627752218 1.00736627752217 -7)
(0.353553384542465 0.353553384542465 -6)
(0.458884509714425 0.198234246400011 -5.99995280058637)
(0.198234246399995 0.458884509714432 -5.99995280058627)
(0.999999999999968 0.999999999999968 -6.00000000000003)
(1.93046074404977 0.465275700045482 -7)
(1.93104586394325 1.05200320420874 -7)
(2 0.509106371497109 -6.12907465039833)
(2 1.11601463588248 -6.12114330981745)
(0.465275700045483 1.93046074404977 -7)
(1.05200320420873 1.93104586394325 -7)
(0.509106371497111 2 -6.12907465039833)
(1.11601463588247 2 -6.12114330981745)
(1.92662726841437 1.92662726841437 -7)
(2 1.93193945771721 -6.11791606607605)
(0.353553384542465 0.353553384542465 -5.49999473170399)
(0.458664990153531 0.198729475811617 -5.49987639371916)
(0.198729475811617 0.458664990153531 -5.49987639371899)
(0.999999999999968 0.999999999999968 -5.50000000000003)
(0.353553384542465 0.353553384542465 -4.99999999999996)
(0.458664990153522 0.198729475811637 -4.99999999999869)
(0.198729475811617 0.458664990153531 -4.99999999999995)
(0.999999999999968 0.999999999999968 -5.00000000000003)
(2 0.515769996818286 -5.51576999681835)
(2 1.13085031050852 -5.51291255113065)
(2 0.517283128667151 -5.00000000000003)
(2 1.13401724966859 -5.00000000000003)
(0.515769996818288 2 -5.51576999681835)
(1.13085031050852 2 -5.51291255113065)
(0.517283128667152 2 -5.00000000000003)
(1.13401724966859 2 -5.00000000000003)
(2 1.93197832961312 -5.51221546970041)
(2 1.93198319513276 -5.00000000000003)
(0.353553384542465 0.353553384542465 -4.49999999999979)
(0.458664990153522 0.198729475811637 -4.5)
(0.198729475811617 0.458664990153531 -4.49999999999981)
(0.999999999999968 0.999999999999968 -4.50000000000003)
(0.353553384542465 0.353553384542465 -3.99999999999968)
(0.458664990153522 0.198729475811637 -3.99999999999738)
(0.198729475811617 0.458664990153531 -3.99999999999972)
(0.999999999999968 0.999999999999968 -4.00000000000003)
(2 0.517283128667151 -4.50000000000003)
(2 1.13401724966859 -4.50000000000003)
(2 0.517283128667151 -4.00000000000003)
(2 1.13401724966859 -4.00000000000003)
(0.517283128667152 2 -4.50000000000003)
(1.13401724966859 2 -4.50000000000003)
(0.517283128667152 2 -4.00000000000003)
(1.13401724966859 2 -4.00000000000003)
(2 1.93198319513276 -4.50000000000003)
(2 1.93198319513276 -4.00000000000003)
(0.353553384542465 0.353553384542465 -3.49999999999977)
(0.458664990153535 0.198729475811608 -3.49999999999476)
(0.198729475811608 0.458664990153535 -3.50000000000262)
(0.999999999999968 0.999999999999968 -3.50000000000003)
(0.353553384542465 0.353553384542465 -3.00000000000001)
(0.458664990153535 0.198729475811608 -3)
(0.198729475811608 0.458664990153535 -3)
(0.999999999999968 0.999999999999968 -3.00000000000003)
(2 0.517283128667151 -3.50000000000003)
(2 1.13401724966859 -3.50000000000003)
(2 0.51728312866715 -3.00000000000003)
(2 1.13401724966859 -3.00000000000003)
(0.517283128667152 2 -3.50000000000003)
(1.13401724966859 2 -3.50000000000003)
(0.517283128667153 2 -3.00000000000003)
(1.13401724966859 2 -3.00000000000003)
(2 1.93198319513276 -3.50000000000003)
(2 1.93198319513276 -3.00000000000003)
(0.353553384542465 0.353553384542465 -2.50000000000004)
(0.458664990153531 0.198729475811617 -2.50000000000052)
(0.198729475811617 0.458664990153531 -2.50000000000002)
(0.999999999999968 0.999999999999968 -2.50000000000003)
(0.353553384542465 0.353553384542465 -1.99999999999996)
(0.458664990153522 0.198729475811637 -1.99999999999869)
(0.198729475811617 0.458664990153531 -1.99999999999995)
(0.999999999999968 0.999999999999968 -2.00000000000003)
(2 0.517283128667151 -2.50000000000003)
(2 1.13401724966859 -2.50000000000003)
(2 0.51728312866715 -2.00000000000003)
(2 1.13401724966859 -2.00000000000003)
(0.517283128667152 2 -2.50000000000003)
(1.13401724966859 2 -2.50000000000003)
(0.517283128667152 2 -2.00000000000003)
(1.13401724966859 2 -2.00000000000003)
(2 1.93198319513276 -2.50000000000003)
(2 1.93198319513276 -2.00000000000003)
(0.353553384542465 0.353553384542465 -1.49999999999979)
(0.458664990153522 0.198729475811637 -1.5)
(0.198729475811617 0.458664990153531 -1.49999999999981)
(0.999999999999968 0.999999999999968 -1.50000000000003)
(0.353553384542465 0.353553384542465 -0.999999999999683)
(0.458664990153522 0.198729475811637 -0.999999999997379)
(0.198729475811617 0.458664990153531 -0.99999999999972)
(0.999999999999968 0.999999999999968 -1.00000000000003)
(2 0.51728312866715 -1.50000000000003)
(2 1.13401724966859 -1.50000000000003)
(2 0.517283128667151 -1.00000000000003)
(2 1.13401724966859 -1.00000000000003)
(0.517283128667152 2 -1.50000000000003)
(1.13401724966859 2 -1.50000000000003)
(0.517283128667153 2 -1.00000000000003)
(1.13401724966859 2 -1.00000000000003)
(2 1.93198319513276 -1.50000000000003)
(2 1.93198319513276 -1.00000000000003)
(0.353553384542465 0.353553384542465 -0.49999999999977)
(0.458664990153535 0.198729475811608 -0.500000000002621)
(0.198729475811608 0.458664990153535 -0.500000000002622)
(0.999999999999968 0.999999999999968 -0.500000000000032)
(0.353553384542465 0.353553384542465 -8.43769498715119e-15)
(0.458664990153535 0.198729475811608 0)
(0.198729475811608 0.458664990153535 0)
(0.999999999999968 0.999999999999968 -3.2e-14)
(2 0.517283128667152 -0.500000000000032)
(2 1.13401724966859 -0.500000000000032)
(2 0.517283128667152 -3.28626015289046e-14)
(2 1.13401724966859 -3.28626015289046e-14)
(0.517283128667152 2 -0.500000000000032)
(1.13401724966859 2 -0.500000000000032)
(0.517283128667152 2 -3.28626015289046e-14)
(1.13401724966859 2 -3.28626015289046e-14)
(2 1.93198319513276 -0.500000000000032)
(2 1.93198319513276 -3.28626015289046e-14)
(-2 -1.93198319513277 0.499999999999969)
(-1.13401724966864 -2 0.499999999999967)
(-2 -1.13401724966864 0.499999999999967)
(-1.00000000000003 -1.00000000000003 0.499999999999968)
(-2 -1.93198319513277 0.999999999999968)
(-1.13401724966864 -2 0.999999999999967)
(-2 -1.13401724966864 0.999999999999967)
(-1.00000000000003 -1.00000000000003 0.999999999999968)
(-0.517283128667213 -2 0.499999999999968)
(-3.24185123190546e-14 -2 0.499999999999967)
(-0.170119049814363 -0.470126248356918 0.49957661826644)
(-9.18485073264427e-17 -0.5 0.499115953674842)
(-0.517283128667217 -2 0.999999999999967)
(-3.24185123190546e-14 -2 0.999999999999968)
(-0.16925058673058 -0.470461252013013 0.999548581035311)
(-9.18485073264427e-17 -0.5 0.999164275532228)
(-2 -0.517283128667217 0.499999999999967)
(-0.470006105568217 -0.170430507838391 0.499752534804705)
(-2 -3.24185123190546e-14 0.499999999999967)
(-0.5 6.12323426292584e-17 0.49911595367458)
(-2 -0.517283128667217 0.999999999999966)
(-0.47077202796936 -0.168444931507111 0.999837400884428)
(-2 -3.24185123190546e-14 0.999999999999968)
(-0.5 6.12323426292584e-17 0.999164275532558)
(-0.353553384542465 -0.353553384542465 0.500303886181457)
(-0.353553384542465 -0.353553384542465 1.00025552732969)
(-2 -1.93198319513277 1.49999999999997)
(-1.13401724966864 -2 1.49999999999997)
(-2 -1.13401724966864 1.49999999999997)
(-1.00000000000003 -1.00000000000003 1.49999999999997)
(-2 -1.93198319513277 1.99999999999997)
(-1.13401724966864 -2 1.99999999999997)
(-2 -1.13401724966864 1.99999999999997)
(-1.00000000000003 -1.00000000000003 1.99999999999997)
(-0.517283128667217 -2 1.49999999999997)
(-3.24185123190546e-14 -2 1.49999999999997)
(-0.168450870687705 -0.470769736971331 1.49978103049144)
(-9.18485073264427e-17 -0.5 1.49999999999993)
(-0.517283128667217 -2 1.99999999999997)
(-3.70814490224802e-14 -2 1.99999999999997)
(-0.168444931507111 -0.47077202796936 2.00016259911625)
(-9.18485073264427e-17 -0.5 2.00083572446756)
(-2 -0.517283128667217 1.49999999999997)
(-0.470769736971336 -0.168450870687692 1.50021896950741)
(-2 -3.24185123190546e-14 1.49999999999997)
(-0.5 6.12323426292584e-17 1.50000000000033)
(-2 -0.517283128667217 1.99999999999997)
(-0.470461252013 -0.169250586730616 2.00045141897035)
(-2 -3.70814490224802e-14 1.99999999999997)
(-0.5 6.12323426292584e-17 2.00083572446773)
(-0.353553384542465 -0.353553384542465 1.5000000000003)
(-0.353553384542465 -0.353553384542465 1.99974447267058)
(-2 -1.93198319513277 2.49999999999997)
(-1.13401724966864 -2 2.49999999999997)
(-2 -1.13401724966864 2.49999999999997)
(-1.00000000000003 -1.00000000000003 2.49999999999997)
(-2 -1.93198319513277 2.99999999999997)
(-1.13401724966864 -2 2.99999999999997)
(-2 -1.13401724966864 2.99999999999997)
(-1.00000000000003 -1.00000000000003 2.99999999999997)
(-0.517283128667217 -2 2.49999999999997)
(-3.70814490224802e-14 -2 2.49999999999997)
(-0.170430507838344 -0.470006105568235 2.50024746519602)
(-9.18485073264427e-17 -0.5 2.5008840463256)
(-0.517283128667217 -2 2.99999999999997)
(-3.70814490224802e-14 -2 2.99999999999997)
(-0.170815870418726 -0.469857454605677 2.99989406611342)
(-9.18485073264427e-17 -0.5 2.99999999999999)
(-2 -0.517283128667217 2.49999999999997)
(-0.470126248356912 -0.170119049814378 2.50042338174347)
(-2 -3.70814490224802e-14 2.49999999999997)
(-0.5 6.12323426292584e-17 2.50088404632527)
(-2 -0.517283128667217 2.99999999999997)
(-0.469857454605669 -0.170815870418748 3.00010593389054)
(-2 -3.70814490224802e-14 2.99999999999997)
(-0.5 6.12323426292584e-17 2.99999999999987)
(-0.353553384542465 -0.353553384542465 2.49969611381906)
(-0.353553384542465 -0.353553384542465 2.99999999999999)
(-2 -1.93198319513278 3.49999999999997)
(-1.13401724966864 -2 3.49999999999997)
(-2 -1.13401724966864 3.49999999999997)
(-1.00000000000003 -1.00000000000003 3.49999999999997)
(-2 -1.93198319513278 3.99999999999997)
(-1.13401724966864 -2 3.99999999999997)
(-2 -1.13401724966864 3.99999999999997)
(-1.00000000000003 -1.00000000000003 3.99999999999997)
(-0.517283128667217 -2 3.49999999999997)
(-3.70814490224802e-14 -2 3.49999999999997)
(-0.170119049814363 -0.470126248356918 3.49957661826644)
(-9.18485073264427e-17 -0.5 3.49911595367493)
(-0.517283128667213 -2 3.99999999999997)
(-3.70814490224802e-14 -2 3.99999999999997)
(-0.16925058673058 -0.470461252013013 3.99954858103531)
(-9.18485073264427e-17 -0.5 3.99916427553239)
(-2 -0.517283128667217 3.49999999999997)
(-0.470006105568217 -0.170430507838391 3.49975253480372)
(-2 -3.70814490224802e-14 3.49999999999997)
(-0.5 6.12323426292584e-17 3.49911595367458)
(-2 -0.517283128667213 3.99999999999997)
(-0.47077202796936 -0.168444931507111 3.99983740088443)
(-2 -3.70814490224802e-14 3.99999999999997)
(-0.5 6.12323426292584e-17 3.99916427553256)
(-0.353553384542465 -0.353553384542465 3.50030388618146)
(-0.353553384542465 -0.353553384542465 4.00025552732969)
(-2 -1.93198319513278 4.49999999999997)
(-1.13401724966864 -2 4.49999999999997)
(-2 -1.13401724966864 4.49999999999997)
(-1.00000000000003 -1.00000000000003 4.49999999999997)
(-2 -1.93198319513278 4.99999999999997)
(-1.13401724966864 -2 4.99999999999997)
(-2 -1.13401724966864 4.99999999999997)
(-1.00000000000003 -1.00000000000003 4.99999999999997)
(-0.517283128667213 -2 4.49999999999997)
(-2.77555756156289e-14 -2 4.49999999999997)
(-0.168450870687705 -0.470769736971331 4.49978103049144)
(-9.18485073264427e-17 -0.5 4.50000000000001)
(-0.517283128667213 -2 4.99999999999997)
(-2.77555756156289e-14 -2 4.99999999999997)
(-0.168444931507111 -0.47077202796936 5.00016259911625)
(-9.18485073264427e-17 -0.5 5.00083572446791)
(-2 -0.517283128667213 4.49999999999997)
(-0.470769736971336 -0.168450870687692 4.50021896951134)
(-2 -2.77555756156289e-14 4.49999999999997)
(-0.5 6.12323426292584e-17 4.50000000000033)
(-2 -0.517283128667213 4.99999999999997)
(-0.470461252013023 -0.169250586730556 5.00045141896642)
(-2 -2.77555756156289e-14 4.99999999999997)
(-0.5 6.12323426292584e-17 5.00083572446808)
(-0.353553384542465 -0.353553384542465 4.5000000000003)
(-0.353553384542465 -0.353553384542465 4.9997444726709)
(-2 -1.93197832961313 5.51221546970036)
(-1.13085031050857 -2 5.51291255113058)
(-2 -1.13085031050857 5.51291255113058)
(-1.00000000000003 -1.00000000000003 5.49999999999997)
(-2 -1.93193945771721 6.11791606607601)
(-1.11601463588252 -2 6.1211433098174)
(-2 -1.11601463588252 6.1211433098174)
(-1.00000000000003 -1.00000000000003 5.99999999999997)
(-0.51576999681834 -2 5.51576999681827)
(-3.70814490224802e-14 -2 5.51728312866716)
(-0.170546334955988 -0.469961426054954 5.49995758811206)
(-9.18485073264427e-17 -0.5 5.50166980799368)
(-0.509106371497164 -2 6.12907465039829)
(-2.77555756156289e-14 -2 6.13128026477284)
(-0.174367346344406 -0.4684874972156 6)
(-9.18485073264427e-17 -0.5 5.99999999999999)
(-2 -0.51576999681834 5.51576999681827)
(-0.470082967201118 -0.170231251831721 5.50005864768129)
(-2 -3.70814490224802e-14 5.51728312866716)
(-0.5 6.12323426292584e-17 5.50166980799368)
(-2 -0.509106371497164 6.12907465039829)
(-0.468522657520327 -0.174276196811812 6)
(-2 -2.77555756156289e-14 6.13128026477284)
(-0.5 6.12323426292584e-17 5.99999999999999)
(-0.353553384542465 -0.353553384542465 5.49839023817408)
(-0.353553384542465 -0.353553384542465 5.99760579193192)
(-1.92662726841438 -1.92662726841438 7)
(-1.05200068361598 -1.9310458482496 7)
(-1.9310458482496 -1.05200068361598 7)
(-1.00735418390665 -1.00735418390665 7)
(-0.465277443837645 -1.93046086860062 7)
(-2.8199664825479e-14 -1.93051076201122 7)
(-0.193025775014267 -0.552432115208256 7)
(-2.20565532504935e-08 -0.572064147176462 7)
(-1.93046086860062 -0.465277443837645 7)
(-0.552432268943074 -0.193025246856213 7)
(-1.93051076201122 -2.8199664825479e-14 7)
(-0.572064147176462 2.20565445907539e-08 7)
(-0.37425004613373 -0.374249896315397 7)
(0.517283128667152 -2 0.499999999999967)
(1.13401724966859 -2 0.499999999999967)
(0.168764916580206 -0.470648595930181 0.499763765353312)
(0.999999999999968 -1.00000000000003 0.499999999999968)
(0.51728312866715 -2 0.999999999999967)
(1.13401724966859 -2 0.999999999999967)
(0.168444931507111 -0.47077202796936 0.999897731211103)
(0.999999999999968 -1.00000000000003 0.999999999999968)
(1.93198319513276 -2 0.499999999999967)
(2 -1.13401724966864 0.499999999999967)
(1.93198319513276 -2 0.999999999999967)
(2 -1.13401724966864 0.999999999999967)
(0.343881092156228 -0.362762183151769 0.500390156181361)
(0.458434213096029 -0.199250101791066 0.500159701842279)
(0.5 -1.22464685258517e-16 0.499999999998034)
(0.343571437488992 -0.363056999246563 1.00040613398364)
(0.45842399277975 -0.199273158511828 1.00016854325679)
(0.5 -1.22464685258517e-16 0.999999999998034)
(2 -0.517283128667213 0.499999999999968)
(2 -3.24185123190546e-14 0.499999999999967)
(2 -0.517283128667217 0.999999999999967)
(2 -3.24185123190546e-14 0.999999999999968)
(0.51728312866715 -2 1.49999999999997)
(1.13401724966859 -2 1.49999999999997)
(0.168444931507111 -0.47077202796936 1.50034776457358)
(0.999999999999968 -1.00000000000003 1.49999999999997)
(0.517283128667148 -2 1.99999999999997)
(1.13401724966859 -2 1.99999999999997)
(0.168444931507111 -0.47077202796936 2.00063081300827)
(0.999999999999968 -1.00000000000003 1.99999999999997)
(1.93198319513276 -2 1.49999999999997)
(2 -1.13401724966864 1.49999999999997)
(1.93198319513276 -2 1.99999999999997)
(2 -1.13401724966864 1.99999999999997)
(0.343480502991448 -0.363143576186245 1.50021133329435)
(0.45842208059048 -0.199277472352303 1.50009905087464)
(0.5 -1.22464685258517e-16 1.49999999999607)
(0.343721072179893 -0.362914535011772 2.00013925616387)
(0.458432098840271 -0.199254871487356 2.00004133943477)
(0.5 -1.22464685258517e-16 2)
(2 -0.517283128667217 1.49999999999997)
(2 -3.24185123190546e-14 1.49999999999997)
(2 -0.517283128667217 1.99999999999997)
(2 -3.70814490224802e-14 1.99999999999997)
(0.517283128667143 -2 2.49999999999997)
(1.13401724966859 -2 2.49999999999997)
(0.168449910393269 -0.470770107398299 2.50056710476731)
(0.999999999999968 -1.00000000000003 2.49999999999997)
(0.517283128667152 -2 2.99999999999997)
(1.13401724966859 -2 2.99999999999997)
(0.169165104534702 -0.470494226181617 3.00014969867559)
(0.999999999999968 -1.00000000000003 2.99999999999997)
(1.93198319513276 -2 2.49999999999997)
(2 -1.13401724966864 2.49999999999997)
(1.93198319513276 -2 2.99999999999997)
(2 -1.13401724966864 2.99999999999997)
(0.343996838259788 -0.362651983571884 2.50007216329314)
(0.458450224790971 -0.199213979897269 2.50001833407595)
(0.5 -1.22464685258517e-16 2.5)
(0.344139671210556 -0.362515995139579 3.00012913064272)
(0.458448192056094 -0.199218565684945 3.00006717390251)
(0.5 -1.22464685258517e-16 2.99999999999214)
(2 -0.517283128667217 2.49999999999997)
(2 -3.70814490224802e-14 2.49999999999997)
(2 -0.517283128667217 2.99999999999997)
(2 -3.70814490224802e-14 2.99999999999997)
(0.517283128667152 -2 3.49999999999997)
(1.13401724966859 -2 3.49999999999997)
(0.168764916580206 -0.470648595930181 3.49976376535331)
(0.999999999999968 -1.00000000000003 3.49999999999997)
(0.517283128667152 -2 3.99999999999997)
(1.13401724966858 -2 3.99999999999997)
(0.168444931507111 -0.47077202796936 3.9998977312116)
(0.999999999999968 -1.00000000000003 3.99999999999997)
(1.93198319513276 -2 3.49999999999997)
(2 -1.13401724966864 3.49999999999997)
(1.93198319513276 -2 3.99999999999997)
(2 -1.13401724966864 3.99999999999997)
(0.343881092156205 -0.362762183151792 3.50039015618144)
(0.458434213096029 -0.199250101791066 3.5001597018422)
(0.5 -1.22464685258517e-16 3.49999999999902)
(0.343571437488992 -0.363056999246563 4.00040613398364)
(0.458423992779755 -0.199273158511815 4.00016854325675)
(0.5 -1.22464685258517e-16 4)
(2 -0.517283128667217 3.49999999999997)
(2 -3.70814490224802e-14 3.49999999999997)
(2 -0.517283128667213 3.99999999999997)
(2 -3.70814490224802e-14 3.99999999999997)
(0.517283128667148 -2 4.49999999999997)
(1.13401724966859 -2 4.49999999999997)
(0.168444931507111 -0.47077202796936 4.50034776457358)
(0.999999999999968 -1.00000000000003 4.49999999999997)
(0.517283128667148 -2 4.99999999999997)
(1.13401724966859 -2 4.99999999999997)
(0.168444931507111 -0.47077202796936 5.0006308130063)
(0.999999999999968 -1.00000000000003 4.99999999999997)
(1.93198319513276 -2 4.49999999999996)
(2 -1.13401724966864 4.49999999999997)
(1.93198319513276 -2 4.99999999999997)
(2 -1.13401724966864 4.99999999999997)
(0.343480502991448 -0.363143576186245 4.50021133329435)
(0.45842208059048 -0.199277472352305 4.50009905087465)
(0.5 -1.22464685258517e-16 4.49999999999607)
(0.3437210721798 -0.362914535011861 5.00013925615993)
(0.45843209884031 -0.199254871487267 5.00004133943477)
(0.5 -1.22464685258517e-16 5)
(2 -0.517283128667213 4.49999999999997)
(2 -2.77555756156289e-14 4.49999999999997)
(2 -0.517283128667213 4.99999999999997)
(2 -2.77555756156289e-14 4.99999999999997)
(0.515769996818284 -2 5.51576999681827)
(1.13085031050853 -2 5.51291255113058)
(0.168832560811276 -0.470622502633707 5.50074685907738)
(0.999999999999968 -1.00000000000003 5.49999999999997)
(0.509106371497118 -2 6.12907465039828)
(1.11601463588247 -2 6.1211433098174)
(0.173319630201882 -0.468891646505132 6)
(0.999999999999968 -1.00000000000003 5.99999999999997)
(1.93197832961312 -2 5.51221546970035)
(2 -1.13085031050856 5.51291255113058)
(1.93193945771721 -2 6.11791606607601)
(2 -1.11601463588252 6.12114330981743)
(0.344332365828551 -0.362332534398387 5.49945771124642)
(0.458536428047373 -0.199019507988832 5.4994648683738)
(0.5 -1.22464685258517e-16 5.49978864090286)
(0.348092072549838 -0.358752991861434 5.99915222394816)
(0.458664990153535 -0.198729475811608 5.9989847727379)
(0.5 -1.22464685258517e-16 5.99560165858959)
(2 -0.51576999681834 5.51576999681827)
(2 -3.70814490224802e-14 5.51728312866716)
(2 -0.509106371497164 6.12907465039829)
(2 -2.77555756156289e-14 6.13128026477284)
(0.465277443837589 -1.93046086860062 7)
(1.05200068361592 -1.9310458482496 7)
(0.192994047920422 -0.552446107050613 7)
(1.00735253865706 -1.00736136501037 7)
(1.92662726841437 -1.92662726841437 7)
(1.93104586394326 -1.05200320420878 7)
(0.373141878469816 -0.37538518226962 7)
(0.5523487463483 -0.193318663789328 7)
(0.57195464338424 -4.88498130835069e-15 7)
(1.93046074404977 -0.465275700045539 7)
(1.93051050662157 -2.75335310107039e-14 7)
(-2 0.51728312866715 0.499999999999967)
(-0.470770107398339 0.168449910393165 0.499432895238812)
(-2 1.13401724966859 0.499999999999967)
(-1.00000000000003 0.999999999999968 0.499999999999968)
(-2 0.51728312866715 0.999999999999967)
(-0.47077202796936 0.168444931507111 0.999369186993908)
(-2 1.13401724966859 0.999999999999967)
(-1.00000000000003 0.999999999999968 0.999999999999968)
(-0.362651983571883 0.343996838259788 0.499927836702738)
(-0.199213979897278 0.458450224790967 0.499981665928098)
(3.06161713146292e-17 0.5 0.499999999999994)
(-0.362914535011762 0.343721072179904 0.999860743838315)
(-0.199254871487269 0.458432098840309 0.999958660566626)
(3.06161713146292e-17 0.5 1.00000000000008)
(-2 1.93198319513276 0.499999999999967)
(-1.13401724966864 2 0.499999999999967)
(-2 1.93198319513276 0.999999999999967)
(-1.13401724966864 2 0.999999999999967)
(-0.517283128667217 2 0.499999999999967)
(-3.24185123190546e-14 2 0.499999999999967)
(-0.517283128667217 2 0.999999999999966)
(-3.24185123190546e-14 2 0.999999999999968)
(-2 0.51728312866715 1.49999999999997)
(-0.47077202796936 0.168444931507111 1.49965223542626)
(-2 1.13401724966859 1.49999999999997)
(-1.00000000000003 0.999999999999968 1.49999999999997)
(-2 0.517283128667143 1.99999999999997)
(-0.47077202796936 0.168444931507111 2.0001022687887)
(-2 1.13401724966859 1.99999999999997)
(-1.00000000000003 0.999999999999968 1.99999999999997)
(-0.363143576186198 0.343480502991499 1.49978866670582)
(-0.199277472352334 0.458422080590466 1.49990094912774)
(3.06161713146292e-17 0.5 1.50000000000023)
(-0.363056999246597 0.343571437488956 1.99959386602012)
(-0.199273158511811 0.458423992779757 1.99983145674463)
(3.06161713146292e-17 0.5 2.00000000000032)
(-2 1.93198319513276 1.49999999999997)
(-1.13401724966864 2 1.49999999999997)
(-2 1.93198319513276 1.99999999999997)
(-1.13401724966864 2 1.99999999999997)
(-0.517283128667217 2 1.49999999999997)
(-3.24185123190546e-14 2 1.49999999999997)
(-0.517283128667217 2 1.99999999999997)
(-3.70814490224802e-14 2 1.99999999999997)
(-2 0.517283128667143 2.49999999999997)
(-0.470648595930195 0.16876491658017 2.5002362346484)
(-2 1.13401724966859 2.49999999999997)
(-1.00000000000003 0.999999999999968 2.49999999999997)
(-2 0.517283128667152 2.99999999999997)
(-0.470494226181592 0.169165104534765 2.9998503013334)
(-2 1.13401724966859 2.99999999999997)
(-1.00000000000003 0.999999999999968 2.99999999999997)
(-0.362762183151868 0.343881092156125 2.49960984381776)
(-0.199250101791073 0.458434213096026 2.49984029816559)
(3.06161713146292e-17 0.5 2.50000000000023)
(-0.362515995139656 0.344139671210476 2.99987086935705)
(-0.199218565685044 0.45844819205605 2.99993282609788)
(3.06161713146292e-17 0.5 2.99999999999999)
(-2 1.93198319513276 2.49999999999997)
(-1.13401724966864 2 2.49999999999997)
(-2 1.93198319513276 2.99999999999997)
(-1.13401724966864 2 2.99999999999997)
(-0.517283128667217 2 2.49999999999997)
(-3.70814490224802e-14 2 2.49999999999997)
(-0.517283128667217 2 2.99999999999997)
(-3.70814490224802e-14 2 2.99999999999997)
(-2 0.517283128667143 3.49999999999997)
(-0.470770107398339 0.168449910393165 3.49943289523881)
(-2 1.13401724966859 3.49999999999997)
(-1.00000000000003 0.999999999999968 3.49999999999997)
(-2 0.517283128667152 3.99999999999997)
(-0.47077202796936 0.168444931507111 3.99936918699391)
(-2 1.13401724966859 3.99999999999997)
(-1.00000000000003 0.999999999999968 3.99999999999997)
(-0.362651983571883 0.343996838259788 3.49992783670274)
(-0.199213979897281 0.458450224790966 3.4999816659281)
(3.06161713146292e-17 0.5 3.49999999999999)
(-0.362914535011762 0.343721072179904 3.99986074383831)
(-0.199254871487269 0.458432098840309 3.99995866056663)
(3.06161713146292e-17 0.5 4.00000000000008)
(-2 1.93198319513276 3.49999999999997)
(-1.13401724966864 2 3.49999999999997)
(-2 1.93198319513276 3.99999999999997)
(-1.13401724966864 2 3.99999999999997)
(-0.517283128667217 2 3.49999999999997)
(-3.70814490224802e-14 2 3.49999999999997)
(-0.517283128667213 2 3.99999999999997)
(-3.70814490224802e-14 2 3.99999999999997)
(-2 0.517283128667148 4.49999999999997)
(-0.47077202796936 0.168444931507111 4.49965223542626)
(-2 1.13401724966859 4.49999999999997)
(-1.00000000000003 0.999999999999968 4.49999999999997)
(-2 0.517283128667148 4.99999999999997)
(-0.47077202796936 0.168444931507111 5.0001022687887)
(-2 1.13401724966859 4.99999999999997)
(-1.00000000000003 0.999999999999968 4.99999999999997)
(-0.363143576186198 0.343480502991499 4.49978866670582)
(-0.199277472352334 0.458422080590466 4.49990094912774)
(3.06161713146292e-17 0.5 4.50000000000023)
(-0.363056999246597 0.343571437488956 4.99959386601619)
(-0.199273158511811 0.458423992779757 4.99983145674463)
(3.06161713146292e-17 0.5 5.00000000000032)
(-2 1.93198319513276 4.49999999999998)
(-1.13401724966864 2 4.49999999999997)
(-2 1.93198319513276 4.99999999999997)
(-1.13401724966864 2 4.99999999999997)
(-0.517283128667213 2 4.49999999999997)
(-2.77555756156289e-14 2 4.49999999999997)
(-0.517283128667213 2 4.99999999999997)
(-2.77555756156289e-14 2 4.99999999999997)
(-2 0.515769996818284 5.51576999681827)
(-0.470498354456544 0.169154402399639 5.50049774944579)
(-2 1.13085031050853 5.51291255113058)
(-1.00000000000003 0.999999999999968 5.49999999999997)
(-2 0.509106371497118 6.12907465039828)
(-0.468853503483747 0.173418512125628 6)
(-2 1.11601463588247 6.1211433098174)
(-1.00000000000003 0.999999999999968 5.99999999999997)
(-0.362448999964155 0.344210038361872 5.49903798530136)
(-0.199056039187234 0.458520234920623 5.49928946663433)
(3.06161713146292e-17 0.5 5.49978864091191)
(-0.358733561131695 0.348112481259734 5.99912547668536)
(-0.198729475811666 0.458664990153509 5.99891753681125)
(3.06161713146292e-17 0.5 5.99560165859291)
(-2 1.93197832961312 5.51221546970035)
(-1.13085031050857 2 5.51291255113058)
(-2 1.93193945771721 6.11791606607601)
(-1.11601463588252 2 6.12114330981743)
(-0.51576999681834 2 5.51576999681827)
(-2.77555756156289e-14 2 5.51728312866716)
(-0.509106371497164 2 6.12907465039829)
(-2.77555756156289e-14 2 6.13128026477284)
(-1.93046086860062 0.465277443837589 7)
(-0.552445874473992 0.192994717665758 7)
(-1.9310458482496 1.05200068361592 7)
(-1.00736136501037 1.00735253865705 7)
(-0.37537934703556 0.373148045857751 7)
(-0.193318640319077 0.55234874257397 7)
(-4.44089209850063e-15 0.571954643384243 7)
(-1.92662726841437 1.92662726841437 7)
(-1.05200320420878 1.93104586394326 7)
(-0.465275700045539 1.93046074404977 7)
(-2.75335310107039e-14 1.93051050662157 7)
(0.353553384542465 0.353553384542465 0.49999999999996)
(0.458664990153531 0.198729475811617 0.499999999999899)
(0.198729475811617 0.458664990153531 0.499999999999976)
(0.999999999999968 0.999999999999968 0.499999999999968)
(0.353553384542465 0.353553384542465 1.00000000000004)
(0.458664990153522 0.198729475811637 1.00000000000131)
(0.198729475811617 0.458664990153531 1.00000000000005)
(0.999999999999968 0.999999999999968 0.999999999999968)
(2 0.517283128667152 0.499999999999967)
(2 1.13401724966859 0.499999999999967)
(2 0.51728312866715 0.999999999999967)
(2 1.13401724966859 0.999999999999967)
(0.517283128667152 2 0.499999999999967)
(1.13401724966859 2 0.499999999999967)
(0.517283128667152 2 0.999999999999967)
(1.13401724966859 2 0.999999999999967)
(2 1.93198319513276 0.499999999999967)
(2 1.93198319513276 0.999999999999967)
(0.353553384542465 0.353553384542465 1.50000000000021)
(0.458664990153522 0.198729475811637 1.5)
(0.198729475811617 0.458664990153531 1.50000000000019)
(0.999999999999968 0.999999999999968 1.49999999999997)
(0.353553384542465 0.353553384542465 2.00000000000032)
(0.458664990153522 0.198729475811637 2.00000000000262)
(0.198729475811617 0.458664990153531 2.00000000000028)
(0.999999999999968 0.999999999999968 1.99999999999997)
(2 0.51728312866715 1.49999999999997)
(2 1.13401724966859 1.49999999999997)
(2 0.517283128667148 1.99999999999997)
(2 1.13401724966859 1.99999999999997)
(0.517283128667153 2 1.49999999999997)
(1.13401724966859 2 1.49999999999997)
(0.517283128667152 2 1.99999999999997)
(1.13401724966859 2 1.99999999999997)
(2 1.93198319513276 1.49999999999997)
(2 1.93198319513276 1.99999999999997)
(0.353553384542465 0.353553384542465 2.50000000000023)
(0.458664990153535 0.198729475811608 2.49999999999738)
(0.198729475811549 0.458664990153561 2.50000000000524)
(0.999999999999968 0.999999999999968 2.49999999999997)
(0.353553384542465 0.353553384542465 2.99999999999999)
(0.458664990153535 0.198729475811608 3)
(0.198729475811608 0.458664990153535 3)
(0.999999999999968 0.999999999999968 2.99999999999997)
(2 0.517283128667143 2.49999999999997)
(2 1.13401724966859 2.49999999999997)
(2 0.517283128667152 2.99999999999997)
(2 1.13401724966859 2.99999999999997)
(0.517283128667152 2 2.49999999999997)
(1.13401724966859 2 2.49999999999997)
(0.517283128667152 2 2.99999999999997)
(1.13401724966859 2 2.99999999999997)
(2 1.93198319513276 2.49999999999997)
(2 1.93198319513276 2.99999999999997)
(0.353553384542465 0.353553384542465 3.49999999999996)
(0.458664990153531 0.198729475811617 3.49999999999982)
(0.198729475811617 0.458664990153531 3.49999999999997)
(0.999999999999968 0.999999999999968 3.49999999999997)
(0.353553384542465 0.353553384542465 4.00000000000004)
(0.458664990153528 0.198729475811622 4.00000000000131)
(0.198729475811617 0.458664990153531 4.00000000000005)
(0.999999999999968 0.999999999999968 3.99999999999997)
(2 0.517283128667152 3.49999999999997)
(2 1.13401724966859 3.49999999999997)
(2 0.517283128667152 3.99999999999997)
(2 1.13401724966858 3.99999999999997)
(0.517283128667152 2 3.49999999999997)
(1.13401724966858 2 3.49999999999997)
(0.517283128667152 2 3.99999999999997)
(1.13401724966858 2 3.99999999999997)
(2 1.93198319513276 3.49999999999997)
(2 1.93198319513276 3.99999999999997)
(0.353553384542465 0.353553384542465 4.50000000000021)
(0.458664990153522 0.198729475811637 4.5)
(0.198729475811617 0.458664990153531 4.50000000000019)
(0.999999999999968 0.999999999999968 4.49999999999997)
(0.353553384542465 0.353553384542465 5.00000000000032)
(0.458664990153522 0.198729475811637 4.99999999999869)
(0.198729475811617 0.458664990153531 5.00000000000028)
(0.999999999999968 0.999999999999968 4.99999999999997)
(2 0.517283128667148 4.49999999999997)
(2 1.13401724966859 4.49999999999997)
(2 0.517283128667148 4.99999999999997)
(2 1.13401724966859 4.99999999999997)
(0.517283128667148 2 4.49999999999997)
(1.13401724966858 2 4.49999999999997)
(0.517283128667148 2 4.99999999999997)
(1.13401724966859 2 4.99999999999997)
(2 1.93198319513276 4.49999999999996)
(2 1.93198319513276 4.99999999999997)
(0.353553384542465 0.353553384542465 5.4999947317042)
(0.458664990153535 0.198729475811608 5.49987639371656)
(0.198729475811608 0.458664990153535 5.49987639372443)
(0.999999999999968 0.999999999999968 5.49999999999997)
(0.353553384542465 0.353553384542465 6)
(0.458884509714418 0.198234246400026 5.99995280058623)
(0.198234246400026 0.458884509714418 5.99995280058623)
(0.999999999999968 0.999999999999968 5.99999999999997)
(2 0.515769996818284 5.51576999681827)
(2 1.13085031050853 5.51291255113058)
(2 0.509106371497118 6.12907465039828)
(2 1.11601463588247 6.1211433098174)
(0.515769996818284 2 5.51576999681827)
(1.13085031050853 2 5.51291255113058)
(0.509106371497118 2 6.12907465039828)
(1.11601463588247 2 6.1211433098174)
(2 1.93197832961312 5.51221546970035)
(2 1.93193945771721 6.11791606607601)
(0.374330438914726 0.374330438914726 7)
(0.552362217070372 0.193287396696516 7)
(0.193287396696523 0.552362217070372 7)
(1.00736627752217 1.00736627752217 7)
(1.93046074404977 0.465275700045488 7)
(1.93104586394326 1.05200320420873 7)
(0.465275700045487 1.93046074404977 7)
(1.05200320420873 1.93104586394326 7)
(1.92662726841438 1.92662726841438 7)
)


// ************************************************************************* //
