/*--------------------------------*- C++ -*----------------------------------*\
| =========                 |                                                 |
| \\      /  F ield         | OpenFOAM: The Open Source CFD Toolbox           |
|  \\    /   O peration     | Version:  2412                                  |
|   \\  /    A nd           | Website:  www.openfoam.com                      |
|    \\/     M anipulation  |                                                 |
\*---------------------------------------------------------------------------*/
FoamFile
{
    version     2.0;
    format      ascii;
    arch        "LSB;label=32;scalar=64";
    class       labelList;
    location    "constant/polyMesh";
    object      owner;
}
// * * * * * * * * * * * * * * * * * * * * * * * * * * * * * * * * * * * * * //


2416
(
338
0
338
0
339
0
1
339
1
340
1
2
340
340
341
2
341
3
3
342
3
342
342
4
343
4
343
344
344
5
344
6
345
6
6
345
7
346
7
7
8
347
8
8
9
348
348
9
10
348
10
10
11
349
349
11
349
12
12
12
350
350
13
13
350
14
14
14
351
351
15
15
352
352
16
352
353
17
353
18
354
18
18
354
19
354
19
19
20
355
20
20
21
355
356
21
22
356
22
22
23
356
357
23
357
24
24
24
358
359
25
25
360
26
26
26
360
360
27
27
361
361
28
361
362
29
362
30
362
30
30
363
31
363
31
31
32
364
32
32
33
364
364
33
34
365
34
34
35
365
366
35
366
36
36
36
366
367
37
37
367
38
38
38
368
368
39
39
368
369
40
369
370
41
371
42
372
42
42
372
43
372
43
43
44
373
44
44
45
373
373
45
46
374
46
46
47
374
374
47
375
48
48
48
375
376
49
49
376
50
50
50
376
377
51
51
377
378
52
378
378
53
379
54
379
54
54
380
55
380
55
55
56
380
56
56
57
381
381
57
58
382
58
58
59
383
384
59
384
60
60
60
385
385
61
61
386
62
62
62
387
387
63
63
388
390
64
390
391
65
391
66
391
66
66
392
67
392
67
67
68
393
68
68
69
393
393
69
70
394
70
70
71
394
395
71
395
72
72
72
396
396
73
73
397
74
74
74
397
398
75
75
398
399
76
399
400
77
78
400
401
401
78
79
402
79
402
79
403
403
80
403
80
404
81
404
405
81
405
82
405
82
406
406
83
407
83
84
407
408
84
85
408
85
85
86
409
409
86
87
410
87
87
410
411
88
88
411
412
89
89
412
90
413
90
413
91
414
91
414
92
92
415
415
93
93
415
94
94
416
416
95
95
96
417
417
96
97
417
97
97
98
418
418
98
99
419
99
99
419
420
100
100
420
421
101
101
421
102
422
102
422
103
423
103
423
104
104
424
424
105
105
425
106
106
425
426
107
107
108
426
427
108
109
427
109
109
110
427
428
110
111
428
111
111
429
429
112
112
429
430
113
113
430
114
431
114
431
115
432
115
432
116
116
433
433
117
117
434
118
118
434
435
119
119
120
435
436
120
121
436
121
121
122
437
437
122
123
438
123
123
438
439
124
124
439
439
125
125
440
126
440
126
441
127
441
127
441
128
128
442
442
129
129
443
130
130
443
444
131
131
132
444
445
132
133
445
133
133
134
446
446
134
135
447
135
135
447
448
136
136
448
449
137
137
449
138
450
138
450
139
451
139
451
140
140
451
452
141
141
452
142
142
453
453
143
143
144
453
454
144
145
454
145
145
146
455
455
146
147
456
147
147
456
457
148
148
457
458
149
149
458
150
459
150
459
151
460
151
460
152
152
461
461
153
153
462
154
154
463
463
155
155
464
465
156
466
156
467
157
157
468
157
468
469
158
469
158
469
159
470
470
159
160
471
471
160
161
471
472
472
161
473
473
162
162
474
163
163
163
474
475
164
164
475
165
165
165
476
476
166
166
477
477
167
167
478
168
478
168
479
169
479
169
170
480
170
171
480
481
171
172
481
172
173
481
482
173
482
483
174
174
483
175
175
175
483
484
176
176
484
177
177
177
485
485
178
178
486
486
179
179
487
180
487
180
488
181
488
181
182
489
182
183
489
490
183
184
490
184
185
491
491
185
492
492
186
186
493
187
187
187
493
493
188
188
494
189
189
189
494
495
190
190
495
495
191
191
496
192
496
192
497
193
497
193
194
498
194
195
498
499
195
196
499
196
197
500
500
197
501
501
198
198
502
199
199
199
502
503
200
200
503
201
201
201
504
504
202
202
505
505
203
203
505
204
506
204
506
205
507
205
206
507
206
207
507
508
207
208
508
208
209
509
509
209
510
510
210
210
511
211
211
211
511
512
212
212
512
213
213
213
513
513
214
214
514
514
215
215
515
216
515
216
516
217
516
217
218
517
218
219
517
517
219
220
518
220
221
518
519
221
519
519
222
222
520
223
223
223
520
521
224
224
521
225
225
225
522
522
226
226
523
523
227
227
524
228
524
228
525
229
525
229
230
526
230
231
526
527
231
232
527
232
233
528
528
233
529
234
529
234
529
234
530
530
235
531
235
531
236
531
236
237
532
532
533
237
238
533
534
238
534
535
535
239
536
240
536
240
240
537
241
537
241
241
538
538
242
242
539
243
243
539
540
244
244
541
245
245
246
541
542
246
247
543
247
248
544
545
248
249
546
249
546
546
250
547
547
251
547
252
548
252
252
548
253
549
253
253
549
550
254
254
550
255
255
551
551
256
256
552
257
257
258
552
553
258
259
553
259
260
554
554
260
261
555
261
555
556
262
557
558
263
558
264
558
264
264
559
265
559
265
265
559
560
266
266
560
267
267
561
561
268
268
562
269
269
270
562
563
270
271
563
271
272
564
564
272
273
565
273
565
566
274
566
567
275
567
276
568
276
276
569
277
570
277
277
570
570
278
278
571
279
279
571
571
280
280
572
281
281
282
572
573
282
283
573
283
284
574
574
284
285
575
285
575
576
286
576
577
287
577
288
578
288
288
578
289
579
289
289
579
580
290
290
581
291
291
582
582
292
292
582
293
293
294
583
583
294
295
583
295
296
584
584
296
297
585
297
585
586
298
586
587
299
587
300
588
300
300
588
301
589
301
301
589
590
302
302
590
303
303
591
591
304
304
592
305
305
306
593
594
306
307
594
307
308
594
595
308
309
595
309
595
596
310
596
597
311
597
312
598
312
312
598
313
599
313
313
314
599
314
314
315
600
600
315
316
601
316
316
317
601
602
317
602
318
318
318
603
603
319
319
604
320
320
320
605
606
321
321
606
606
322
607
607
323
607
324
608
324
324
608
325
609
325
325
326
609
326
326
327
610
610
327
328
611
328
328
329
611
612
329
612
330
330
330
613
613
331
331
614
332
332
332
614
615
333
333
615
616
334
617
618
335
618
336
619
336
336
620
337
621
337
337
338
622
339
341
343
5
5
345
346
346
347
347
9
11
13
351
15
16
16
17
17
353
355
21
357
23
358
358
359
359
25
27
28
28
29
29
363
33
365
35
367
37
39
40
369
40
41
370
370
41
371
371
45
47
375
49
51
377
52
52
53
53
379
381
57
382
382
383
383
59
61
63
64
389
389
64
390
65
65
392
69
71
396
396
73
397
397
75
76
399
76
77
77
401
402
404
81
83
408
84
408
409
409
86
411
90
413
90
91
91
414
93
95
416
96
98
420
420
421
421
102
102
103
423
103
105
425
107
426
108
110
428
114
114
115
432
115
432
433
117
433
119
435
120
437
122
438
126
440
126
127
127
129
131
444
444
445
132
445
134
447
449
138
138
450
139
139
141
452
143
144
146
456
456
457
457
150
459
150
151
151
461
153
155
465
467
468
158
470
161
472
472
473
473
162
164
166
166
167
477
167
479
480
171
173
482
174
484
484
176
485
485
178
178
179
179
489
183
185
491
492
186
188
494
190
190
191
191
496
496
497
497
195
197
501
198
200
503
504
202
202
203
203
506
207
508
508
509
509
209
210
212
214
513
214
215
215
515
516
219
518
221
222
520
520
521
521
224
226
226
227
227
525
231
527
528
233
530
235
532
532
237
533
533
240
240
241
537
241
242
539
244
246
542
248
545
546
546
547
547
252
548
252
253
253
254
550
256
552
258
260
554
558
558
264
264
559
265
559
265
266
560
268
562
270
272
564
566
276
276
277
570
277
570
278
571
571
280
572
282
574
284
576
288
288
578
289
289
290
582
292
582
583
294
583
584
296
586
300
300
588
301
301
302
590
304
306
594
594
308
595
595
596
598
600
315
317
602
319
606
321
606
322
322
607
323
607
323
608
610
327
329
612
331
614
333
334
334
335
335
619
621
0
1
2
2
3
4
4
5
384
385
386
386
387
388
388
389
78
78
79
80
81
81
82
83
462
462
463
464
465
156
465
156
466
467
157
158
158
159
160
161
234
234
234
235
236
237
238
239
540
540
541
542
542
543
544
545
618
618
618
619
620
621
622
623
0
3
342
4
343
344
6
345
7
348
349
12
13
14
15
18
354
19
355
356
357
24
25
360
26
27
361
30
31
366
36
37
367
38
368
39
369
42
372
43
373
48
49
50
51
378
379
54
380
55
381
384
60
61
62
387
63
388
66
67
72
73
74
75
156
157
468
469
159
470
471
162
474
163
164
475
165
168
169
480
481
482
174
483
175
176
177
486
487
180
181
492
186
493
187
188
494
189
495
192
193
498
499
198
199
200
201
504
505
204
506
205
507
510
210
511
211
212
213
216
516
217
517
518
519
222
223
224
225
522
523
228
229
528
529
530
531
534
535
540
541
543
312
313
318
319
320
321
324
325
330
331
332
333
336
337
394
395
398
399
400
401
80
82
406
83
407
410
88
411
89
412
413
92
93
94
95
418
419
100
101
422
423
104
424
105
425
106
107
112
113
430
431
116
117
434
118
435
119
436
437
124
125
128
442
129
443
130
131
446
447
136
448
137
449
140
141
142
143
454
455
148
149
458
459
460
152
461
153
154
155
464
466
467
235
236
239
242
243
244
245
250
251
548
549
550
254
255
551
256
257
262
556
557
263
560
266
267
561
268
562
269
563
274
275
568
569
278
279
280
572
281
573
574
575
286
287
580
290
581
291
292
293
584
585
298
586
299
587
302
303
304
592
305
593
310
596
311
597
598
599
604
605
608
609
610
611
616
617
619
620
623
0
339
1
340
2
341
6
7
8
9
348
10
11
349
350
351
352
353
18
19
20
21
22
23
360
361
362
30
363
31
32
364
33
34
365
35
42
372
43
44
373
45
46
374
47
375
376
377
54
55
56
57
58
59
384
385
386
390
391
66
392
67
68
393
69
394
70
71
395
78
79
402
403
80
404
405
406
407
84
85
86
87
88
89
414
415
416
96
417
97
418
98
419
99
100
101
426
108
427
109
110
428
111
429
112
430
113
431
120
121
122
123
438
124
439
125
440
441
442
443
132
133
134
135
136
137
450
451
452
453
144
454
145
455
146
147
148
149
462
463
464
159
160
161
474
475
476
477
478
168
479
169
170
171
172
173
486
487
180
488
181
182
489
183
490
184
491
185
192
193
194
498
195
499
196
500
197
501
502
503
204
205
206
207
208
209
510
511
512
513
514
515
216
217
218
219
220
221
522
523
524
228
525
229
230
526
231
527
232
233
237
238
534
239
535
536
537
538
539
246
247
543
544
248
545
249
250
251
552
258
553
259
554
260
261
555
556
262
557
263
270
271
564
272
273
565
274
566
275
567
568
569
282
283
284
285
286
576
287
577
578
579
580
581
294
295
296
297
298
299
588
589
590
591
592
593
306
307
308
309
310
311
312
313
314
315
600
316
601
317
602
603
604
605
324
325
326
327
328
329
612
613
614
615
616
617
336
337
621
338
622
623
)


// ************************************************************************* //
