/*--------------------------------*- C++ -*----------------------------------*\
| =========                 |                                                 |
| \\      /  F ield         | OpenFOAM: The Open Source CFD Toolbox           |
|  \\    /   O peration     | Version:  2412                                  |
|   \\  /    A nd           | Website:  www.openfoam.com                      |
|    \\/     M anipulation  |                                                 |
\*---------------------------------------------------------------------------*/
FoamFile
{
    version     2.0;
    format      ascii;
    arch        "LSB;label=32;scalar=64";
    class       vectorField;
    location    "constant/polyMesh";
    object      points;
}
// * * * * * * * * * * * * * * * * * * * * * * * * * * * * * * * * * * * * * //


1188
(
(-2 -2 -7)
(-1.05200068361597 -2 -7)
(-2 -1.05200068361597 -7)
(-1.00735418390664 -1.00735418390664 -7)
(-2 -2 -6.11791606607605)
(-1.11601463588252 -2 -6.12114330981745)
(-2 -1.11601463588252 -6.12114330981745)
(-1.00000000000003 -1.00000000000003 -6.00000000000003)
(-0.46527744383764 -2 -7)
(-0.201144766438095 -0.402498306696022 -6.5)
(-2.62012633811537e-14 -2 -7)
(0.00283673294938103 -0.897866332332216 -7)
(-0.50910637149717 -2 -6.12907465039833)
(-3.13915560212763e-14 -2 -6.1312802647729)
(-0.168980285137254 -0.427645295125168 -6)
(0.0208061860005287 -0.47790184780425 -6.5)
(-2 -0.46527744383764 -7)
(-0.402498090012347 -0.201145070531138 -6.5)
(-2 -2.62012633811537e-14 -7)
(-0.897872759089585 0.00282269098063725 -7)
(-2 -0.50910637149717 -6.12907465039833)
(-0.427618090724486 -0.169052821414163 -6)
(-2 -3.10862446895044e-14 -6.1312802647729)
(-0.477904864504349 0.0207294434913168 -6.5)
(-0.301887490414284 -0.301887490457363 -6.5)
(-0.350203678228032 -0.350275299914072 -6)
(-2 -2 -5.51221546970041)
(-1.13085031050857 -2 -5.51291255113065)
(-2 -1.13085031050857 -5.51291255113065)
(-1.00000000000003 -1.00000000000003 -5.50000000000003)
(-2 -2 -5.00000000000003)
(-1.13401724966863 -2 -5.00000000000003)
(-2 -1.13401724966864 -5.00000000000003)
(-1.00000000000003 -1.00000000000003 -5.00000000000003)
(-0.515769996818348 -2 -5.51576999681835)
(-3.19744231092045e-14 -2 -5.51728312866721)
(-0.17023125183175 -0.470082967201106 -5.50005864768602)
(0.0110108053669821 -0.499729698457323 -5.60544053318288)
(-0.517283128667212 -2 -5.00000000000003)
(-3.24185123190546e-14 -2 -5.00000000000003)
(-0.16925058673058 -0.470461252013013 -5.00045141896469)
(-9.36750677027476e-17 -0.5 -5.00083572446761)
(-2 -0.515769996818348 -5.51576999681835)
(-0.469961426054957 -0.170546334955982 -5.49995758811133)
(-2 -3.15303338993544e-14 -5.51728312866721)
(-0.499731729276252 0.0109280794167302 -5.60554472108782)
(-2 -0.517283128667212 -5.00000000000003)
(-0.47077202796936 -0.168444931507111 -5.00016259911557)
(-2 -3.17523785042795e-14 -5.00000000000003)
(-0.5 6.07153216591882e-17 -5.0008357244674)
(-0.353553384542465 -0.353553384542465 -5.49839023817358)
(-0.353553384542465 -0.353553384542465 -4.99974447267027)
(-2 -2 -4.50000000000003)
(-1.13401724966864 -2 -4.50000000000003)
(-2 -1.13401724966864 -4.50000000000003)
(-1.00000000000003 -1.00000000000003 -4.50000000000003)
(-2 -2 -4.00000000000003)
(-1.13401724966864 -2 -4.00000000000003)
(-2 -1.13401724966864 -4.00000000000003)
(-1.00000000000003 -1.00000000000003 -4.00000000000003)
(-0.517283128667212 -2 -4.50000000000003)
(-3.1863400806742e-14 -2 -4.50000000000003)
(-0.168450870687705 -0.470769736971331 -4.50021896950856)
(-9.0205620750794e-17 -0.5 -4.49999999999999)
(-0.517283128667211 -2 -4.00000000000003)
(-3.1641356201817e-14 -2 -4.00000000000003)
(-0.168444931507111 -0.47077202796936 -3.99983740088375)
(-9.0205620750794e-17 -0.5 -3.99916427553244)
(-2 -0.517283128667212 -4.50000000000003)
(-0.470769736971336 -0.168450870687692 -4.49978103048866)
(-2 -3.21964677141295e-14 -4.50000000000003)
(-0.5 6.41847686111419e-17 -4.49999999999967)
(-2 -0.517283128667212 -4.00000000000003)
(-0.470461252013 -0.169250586730616 -3.99954858103358)
(-2 -3.26405569239796e-14 -4.00000000000003)
(-0.5 6.59194920871187e-17 -3.99916427553227)
(-0.353553384542465 -0.353553384542465 -4.4999999999997)
(-0.353553384542465 -0.353553384542465 -4.00025552732943)
(-2 -2 -3.50000000000003)
(-1.13401724966863 -2 -3.50000000000003)
(-2 -1.13401724966864 -3.50000000000003)
(-1.00000000000003 -1.00000000000003 -3.50000000000003)
(-2 -2 -3.00000000000003)
(-1.13401724966863 -2 -3.00000000000003)
(-2 -1.13401724966864 -3.00000000000003)
(-1.00000000000003 -1.00000000000003 -3.00000000000003)
(-0.517283128667212 -2 -3.50000000000003)
(-3.1641356201817e-14 -2 -3.50000000000003)
(-0.170430507838344 -0.470006105568235 -3.49975253480398)
(-9.0205620750794e-17 -0.5 -3.4991159536744)
(-0.517283128667212 -2 -3.00000000000003)
(-3.17523785042795e-14 -2 -3.00000000000003)
(-0.170815870418666 -0.4698574546057 -3.00010593388658)
(-9.0205620750794e-17 -0.5 -3.00000000000001)
(-2 -0.517283128667211 -3.50000000000003)
(-0.470126248356935 -0.170119049814318 -3.49957661825653)
(-2 -3.15303338993544e-14 -3.50000000000003)
(-0.5 6.24500451351651e-17 -3.49911595367473)
(-2 -0.517283128667212 -3.00000000000003)
(-0.469857454605657 -0.170815870418778 -2.99989406610553)
(-2 -3.23074900165921e-14 -3.00000000000003)
(-0.5 5.89805981832114e-17 -3.00000000000009)
(-0.353553384542465 -0.353553384542465 -3.50030388618093)
(-0.353553384542465 -0.353553384542465 -3.00000000000001)
(-2 -2 -2.50000000000003)
(-1.13401724966864 -2 -2.50000000000003)
(-2 -1.13401724966864 -2.50000000000003)
(-1.00000000000003 -1.00000000000003 -2.50000000000003)
(-2 -2 -2.00000000000003)
(-1.13401724966863 -2 -2.00000000000003)
(-2 -1.13401724966864 -2.00000000000003)
(-1.00000000000003 -1.00000000000003 -2.00000000000003)
(-0.517283128667212 -2 -2.50000000000003)
(-3.19744231092045e-14 -2 -2.50000000000003)
(-0.170119049814363 -0.470126248356918 -2.50042338173356)
(-9.19403442267708e-17 -0.5 -2.50088404632507)
(-0.517283128667212 -2 -2.00000000000003)
(-3.17523785042795e-14 -2 -2.00000000000003)
(-0.16925058673058 -0.470461252013013 -2.00045141896469)
(-9.36750677027476e-17 -0.5 -2.00083572446761)
(-2 -0.517283128667212 -2.50000000000003)
(-0.470006105568214 -0.170430507838399 -2.5002474651953)
(-2 -3.19744231092045e-14 -2.50000000000003)
(-0.5 6.41847686111419e-17 -2.50088404632534)
(-2 -0.517283128667213 -2.00000000000003)
(-0.47077202796936 -0.168444931507111 -2.00016259911656)
(-2 -3.1863400806742e-14 -2.00000000000003)
(-0.5 6.41847686111419e-17 -2.0008357244674)
(-0.353553384542465 -0.353553384542465 -2.49969611381847)
(-0.353553384542465 -0.353553384542465 -1.99974447267027)
(-2 -2 -1.50000000000003)
(-1.13401724966864 -2 -1.50000000000003)
(-2 -1.13401724966864 -1.50000000000003)
(-1.00000000000003 -1.00000000000003 -1.50000000000003)
(-2 -2 -1.00000000000003)
(-1.13401724966865 -2 -1.00000000000003)
(-2 -1.13401724966865 -1.00000000000003)
(-1.00000000000003 -1.00000000000003 -1.00000000000003)
(-0.517283128667213 -2 -1.50000000000003)
(-3.21964677141295e-14 -2 -1.50000000000003)
(-0.168450870687705 -0.470769736971331 -1.50021896950856)
(-9.0205620750794e-17 -0.5 -1.49999999999999)
(-0.517283128667217 -2 -1.00000000000003)
(-3.15303338993544e-14 -2 -1.00000000000003)
(-0.168444931507111 -0.47077202796936 -0.999837400883746)
(-9.36750677027476e-17 -0.5 -0.999164275532435)
(-2 -0.517283128667213 -1.50000000000003)
(-0.470769736971325 -0.168450870687722 -1.49978103048866)
(-2 -3.19744231092045e-14 -1.50000000000003)
(-0.5 6.41847686111419e-17 -1.49999999999967)
(-2 -0.517283128667217 -1.00000000000003)
(-0.470461252013 -0.169250586730616 -0.999548581033584)
(-2 -3.15303338993544e-14 -1.00000000000003)
(-0.5 6.24500451351651e-17 -0.999164275532268)
(-0.353553384542465 -0.353553384542465 -1.4999999999997)
(-0.353553384542465 -0.353553384542465 -1.00025552732942)
(-2 -2 -0.500000000000032)
(-1.13401724966865 -2 -0.500000000000033)
(-2 -1.13401724966865 -0.500000000000033)
(-1.00000000000003 -1.00000000000003 -0.500000000000032)
(-2 -2 -3.28626015289046e-14)
(-1.13401724966865 -2 -3.24185123190546e-14)
(-2 -1.13401724966865 -3.24185123190546e-14)
(-1.00000000000003 -1.00000000000003 -3.2e-14)
(-0.517283128667217 -2 -0.500000000000033)
(-3.04201108747293e-14 -2 -0.500000000000032)
(-0.170430507838344 -0.470006105568235 -0.499752534803977)
(-9.0205620750794e-17 -0.5 -0.499115953674396)
(-0.517283128667217 -2 -3.30846461338297e-14)
(-1.37667655053519e-14 -2 -3.90798504668055e-14)
(-0.170815870418786 -0.469857454605654 -0.000105933894447796)
(-9.0205620750794e-17 -0.5 -1.24344978758018e-14)
(-2 -0.517283128667217 -0.500000000000033)
(-0.470126248356912 -0.170119049814378 -0.499576618264394)
(-2 -3.24740234702858e-14 -0.500000000000032)
(-0.5 6.24500451351651e-17 -0.499115953674734)
(-2 -0.517283128667217 -3.28626015289046e-14)
(-0.469857454605657 -0.170815870418778 0.000105933894474383)
(-2 -3.24185123190546e-14 -3.28626015289046e-14)
(-0.5 5.89805981832114e-17 -1.29674049276218e-13)
(-0.353553384542465 -0.353553384542465 -0.500303886180936)
(-0.353553384542465 -0.353553384542465 -1.28785870856518e-14)
(0.465277443837588 -2 -7)
(0.252455484517982 -0.706717984222037 -7)
(1.05200068361593 -2 -7)
(1.00735253865706 -1.00736136501038 -7)
(0.509106371497109 -2 -6.12907465039833)
(1.11601463588248 -2 -6.12114330981745)
(0.19300747805467 -0.461201371082461 -6)
(0.999999999999968 -1.00000000000003 -6.00000000000003)
(2 -2 -7)
(2 -1.05200320420878 -7)
(2 -2 -6.11791606607606)
(2 -1.11601463588252 -6.12114330981745)
(0.353010569832901 -0.354228319165668 -6.5)
(0.471706498409401 -0.166678008985226 -6.5)
(0.348112481259863 -0.358733561131573 -6.5)
(0.458664990153525 -0.198729475811631 -5.99891753681687)
(0.927883359338142 -0.0113623529913927 -7)
(0.5 -1.22223466157007e-16 -5.99560165859294)
(2 -0.465275700045535 -7)
(2 -2.66453525910038e-14 -7)
(2 -0.50910637149717 -6.12907465039833)
(2 -3.16136006262013e-14 -6.1312802647729)
(0.515769996818286 -2 -5.51576999681835)
(1.13085031050852 -2 -5.51291255113065)
(0.169154402399661 -0.470498354456536 -5.50049774944506)
(0.999999999999968 -1.00000000000003 -5.50000000000003)
(0.51728312866715 -2 -5.00000000000003)
(1.13401724966859 -2 -5.00000000000003)
(0.168444931507111 -0.47077202796936 -5.0001022687884)
(0.999999999999968 -1.00000000000003 -5.00000000000003)
(2 -2 -5.51221546970041)
(2 -1.13085031050857 -5.51291255113065)
(2 -2 -5.00000000000003)
(2 -1.13401724966864 -5.00000000000003)
(0.344210038361954 -0.362448999964076 -5.49903798529578)
(0.458520234920654 -0.199056039187164 -5.49928946663258)
(0.5 -1.196959198424e-16 -5.4997886409127)
(0.343571437488992 -0.363056999246563 -4.99959386601685)
(0.458423992779762 -0.199273158511801 -4.99983145674336)
(0.5 -1.22464685258517e-16 -5)
(2 -0.515769996818348 -5.51576999681835)
(2 -3.15303338993544e-14 -5.51728312866721)
(2 -0.517283128667212 -5.00000000000003)
(2 -3.24185123190546e-14 -5.00000000000003)
(0.51728312866715 -2 -4.50000000000003)
(1.13401724966859 -2 -4.50000000000003)
(0.168444931507111 -0.47077202796936 -4.49965223542642)
(0.999999999999968 -1.00000000000003 -4.50000000000003)
(0.517283128667151 -2 -4.00000000000003)
(1.13401724966859 -2 -4.00000000000003)
(0.168444931507111 -0.47077202796936 -3.99936918699173)
(0.999999999999968 -1.00000000000003 -4.00000000000003)
(2 -2 -4.50000000000003)
(2 -1.13401724966864 -4.50000000000003)
(2 -2 -4.00000000000003)
(2 -1.13401724966863 -4.00000000000003)
(0.343480502991472 -0.363143576186223 -4.49978866670171)
(0.458422080590468 -0.19927747235233 -4.49990094912544)
(0.5 -1.21430643318376e-16 -4.50000000000393)
(0.343721072179917 -0.36291453501175 -3.99986074383613)
(0.458432098840271 -0.199254871487356 -3.99995866056129)
(0.5 -1.22464685258517e-16 -4)
(2 -0.517283128667212 -4.50000000000003)
(2 -3.1863400806742e-14 -4.50000000000003)
(2 -0.517283128667211 -4.00000000000003)
(2 -3.1641356201817e-14 -4.00000000000003)
(0.517283128667151 -2 -3.50000000000003)
(1.13401724966859 -2 -3.50000000000003)
(0.168449910393269 -0.470770107398299 -3.49943289522482)
(0.999999999999968 -1.00000000000003 -3.50000000000003)
(0.517283128667151 -2 -3.00000000000003)
(1.13401724966859 -2 -3.00000000000003)
(0.169165104534702 -0.470494226181617 -2.99985030132441)
(0.999999999999968 -1.00000000000003 -3.00000000000003)
(2 -2 -3.50000000000003)
(2 -1.13401724966863 -3.50000000000003)
(2 -2 -3.00000000000003)
(2 -1.13401724966863 -3.00000000000003)
(0.343996838259882 -0.362651983571795 -3.49992783669899)
(0.458450224790919 -0.199213979897386 -3.49998166592405)
(0.5 -1.21430643318376e-16 -3.50000000000787)
(0.344139671210556 -0.362515995139579 -2.99987086935728)
(0.458448192056094 -0.199218565684945 -2.99993282609809)
(0.5 -1.21430643318376e-16 -3.00000000000786)
(2 -0.517283128667212 -3.50000000000003)
(2 -3.1641356201817e-14 -3.50000000000003)
(2 -0.517283128667212 -3.00000000000003)
(2 -3.17523785042795e-14 -3.00000000000003)
(0.517283128667151 -2 -2.50000000000003)
(1.13401724966859 -2 -2.50000000000003)
(0.168764916580176 -0.470648595930193 -2.50023623464669)
(0.999999999999968 -1.00000000000003 -2.50000000000003)
(0.51728312866715 -2 -2.00000000000003)
(1.13401724966859 -2 -2.00000000000003)
(0.168444931507111 -0.47077202796936 -2.0001022687884)
(0.999999999999968 -1.00000000000003 -2.00000000000003)
(2 -2 -2.50000000000003)
(2 -1.13401724966864 -2.50000000000003)
(2 -2 -2.00000000000003)
(2 -1.13401724966863 -2.00000000000003)
(0.343881092156204 -0.362762183151792 -2.49960984381871)
(0.458434213096088 -0.199250101790932 -2.49984029815822)
(0.5 -1.22298005056365e-16 -2.50000000000098)
(0.343571437488992 -0.363056999246563 -1.99959386601685)
(0.458423992779756 -0.199273158511814 -1.9998314567434)
(0.5 -1.22464685258517e-16 -2)
(2 -0.517283128667212 -2.50000000000003)
(2 -3.19744231092045e-14 -2.50000000000003)
(2 -0.517283128667212 -2.00000000000003)
(2 -3.17523785042795e-14 -2.00000000000003)
(0.51728312866715 -2 -1.50000000000003)
(1.13401724966859 -2 -1.50000000000003)
(0.168444931507111 -0.47077202796936 -1.49965223542642)
(0.999999999999968 -1.00000000000003 -1.50000000000003)
(0.517283128667151 -2 -1.00000000000003)
(1.13401724966859 -2 -1.00000000000003)
(0.168444931507111 -0.47077202796936 -0.999369186993701)
(0.999999999999968 -1.00000000000003 -1.00000000000003)
(2 -2 -1.50000000000003)
(2 -1.13401724966863 -1.50000000000003)
(2 -2 -1.00000000000003)
(2 -1.13401724966865 -1.00000000000003)
(0.343480502991472 -0.363143576186223 -1.49978866670565)
(0.458422080590469 -0.199277472352329 -1.49990094912544)
(0.5 -1.22464685258517e-16 -1.5)
(0.343721072179917 -0.36291453501175 -0.999860743836134)
(0.458432098840323 -0.199254871487238 -0.999958660561293)
(0.5 -1.21430643318376e-16 -1.00000000000393)
(2 -0.517283128667213 -1.50000000000003)
(2 -3.21964677141295e-14 -1.50000000000003)
(2 -0.517283128667217 -1.00000000000003)
(2 -3.15303338993544e-14 -1.00000000000003)
(0.517283128667152 -2 -0.500000000000032)
(1.13401724966859 -2 -0.500000000000032)
(0.168449910393209 -0.470770107398322 -0.499432895232685)
(0.999999999999968 -1.00000000000003 -0.500000000000032)
(0.517283128667152 -2 -3.28626015289046e-14)
(1.13401724966859 -2 -3.28626015289046e-14)
(0.169165104534805 -0.470494226181577 0.000149698675248541)
(0.999999999999968 -1.00000000000003 -3.2e-14)
(2 -2 -0.500000000000032)
(2 -1.13401724966865 -0.500000000000033)
(2 -2 -3.28626015289046e-14)
(2 -1.13401724966865 -3.24185123190546e-14)
(0.343996838259882 -0.362651983571795 -0.499927836698993)
(0.458450224790971 -0.199213979897269 -0.499981665924047)
(0.5 -1.22464685258517e-16 -0.5)
(0.344139671210561 -0.362515995139575 0.000129130642126286)
(0.458448192056054 -0.199218565685036 6.71739022240004e-05)
(0.5 -1.22464685258517e-16 0)
(2 -0.517283128667217 -0.500000000000033)
(2 -3.04201108747293e-14 -0.500000000000032)
(2 -0.517283128667217 -3.30846461338297e-14)
(2 -1.37667655053519e-14 -3.90798504668055e-14)
(-2 0.465277443837588 -7)
(-0.706724189037498 0.252450405133386 -7)
(-2 1.05200068361593 -7)
(-1.00736136501038 1.00735253865706 -7)
(-2 0.509106371497108 -6.12907465039833)
(-0.461226902993261 0.192949878845236 -6)
(-2 1.11601463588248 -6.12114330981745)
(-1.00000000000003 0.999999999999968 -6.00000000000003)
(-0.354234173530147 0.353004420658535 -6.5)
(-0.166678029035304 0.471706491830772 -6.5)
(-0.358752991861509 0.348092072549759 -6.5)
(-0.198729475811631 0.458664990153525 -5.99898477273815)
(-0.0113619921407162 0.927883404529656 -7)
(3.18958726618079e-17 0.5 -5.99560165859279)
(-2 2 -7)
(-1.05200320420878 2 -7)
(-2 2 -6.11791606607605)
(-1.11601463588252 2 -6.12114330981745)
(-0.465275700045535 2 -7)
(-2.66453525910038e-14 2 -7)
(-0.50910637149717 2 -6.12907465039833)
(-3.06421554796543e-14 2 -6.1312802647729)
(-2 0.515769996818286 -5.51576999681835)
(-0.470622502633755 0.168832560811152 -5.5007468590797)
(-2 1.13085031050852 -5.51291255113065)
(-1.00000000000003 0.999999999999968 -5.50000000000003)
(-2 0.517283128667151 -5.00000000000003)
(-0.47077202796936 0.168444931507111 -5.00063081300609)
(-2 1.13401724966859 -5.00000000000003)
(-1.00000000000003 0.999999999999968 -5.00000000000003)
(-0.362332534398465 0.344332365828468 -5.49945771124083)
(-0.199019507988616 0.458536428047468 -5.49946486837368)
(3.46944695195361e-17 0.5 -5.49978864091163)
(-0.362914535011762 0.343721072179904 -5.00013925616169)
(-0.199254871487269 0.458432098840309 -5.00004133943337)
(3.12250225675825e-17 0.5 -4.99999999999992)
(-2 2 -5.51221546970041)
(-1.13085031050857 2 -5.51291255113065)
(-2 2 -5.00000000000003)
(-1.13401724966864 2 -5.00000000000003)
(-0.515769996818347 2 -5.51576999681835)
(-3.15303338993544e-14 2 -5.51728312866721)
(-0.517283128667212 2 -5.00000000000003)
(-3.10862446895044e-14 2 -5.00000000000003)
(-2 0.51728312866715 -4.50000000000003)
(-0.47077202796936 0.168444931507111 -4.50034776457374)
(-2 1.13401724966859 -4.50000000000003)
(-1.00000000000003 0.999999999999968 -4.50000000000003)
(-2 0.517283128667151 -4.00000000000003)
(-0.47077202796936 0.168444931507111 -3.9998977312113)
(-2 1.13401724966859 -4.00000000000003)
(-1.00000000000003 0.999999999999968 -4.00000000000003)
(-0.363143576186198 0.343480502991499 -4.50021133329418)
(-0.199277472352305 0.458422080590479 -4.50009905087619)
(3.46944695195361e-17 0.5 -4.49999999999977)
(-0.363056999246619 0.343571437488933 -4.00040613398381)
(-0.199273158511811 0.458423992779757 -4.00016854325537)
(3.12250225675825e-17 0.5 -3.99999999999968)
(-2 2 -4.50000000000003)
(-1.13401724966864 2 -4.50000000000003)
(-2 2 -4.00000000000003)
(-1.13401724966864 2 -4.00000000000003)
(-0.517283128667212 2 -4.50000000000003)
(-3.17523785042795e-14 2 -4.50000000000003)
(-0.517283128667212 2 -4.00000000000003)
(-3.17523785042795e-14 2 -4.00000000000003)
(-2 0.517283128667151 -3.50000000000003)
(-0.470648595930195 0.16876491658017 -3.4997637653516)
(-2 1.13401724966859 -3.50000000000003)
(-1.00000000000003 0.999999999999968 -3.50000000000003)
(-2 0.517283128667151 -3.00000000000003)
(-0.470494226181592 0.169165104534765 -3.0001496986666)
(-2 1.13401724966859 -3.00000000000003)
(-1.00000000000003 0.999999999999968 -3.00000000000003)
(-0.362762183151912 0.343881092156079 -3.50039015618224)
(-0.199250101791073 0.458434213096026 -3.50015970183441)
(3.12250225675825e-17 0.5 -3.49999999999977)
(-0.362515995139656 0.344139671210476 -3.00012913064295)
(-0.199218565685044 0.45844819205605 -3.00006717390212)
(3.12250225675825e-17 0.5 -3.00000000000001)
(-2 2 -3.50000000000003)
(-1.13401724966864 2 -3.50000000000003)
(-2 2 -3.00000000000003)
(-1.13401724966864 2 -3.00000000000003)
(-0.517283128667211 2 -3.50000000000003)
(-3.13082892944294e-14 2 -3.50000000000003)
(-0.517283128667212 2 -3.00000000000003)
(-3.13082892944294e-14 2 -3.00000000000003)
(-2 0.51728312866715 -2.50000000000003)
(-0.470770107398339 0.168449910393165 -2.50056710476119)
(-2 1.13401724966859 -2.50000000000003)
(-1.00000000000003 0.999999999999968 -2.50000000000003)
(-2 0.51728312866715 -2.00000000000003)
(-0.47077202796936 0.168444931507111 -2.00063081300609)
(-2 1.13401724966859 -2.00000000000003)
(-1.00000000000003 0.999999999999968 -2.00000000000003)
(-0.362651983571883 0.343996838259788 -2.50007216329726)
(-0.199213979897281 0.458450224790966 -2.5000183340719)
(3.12250225675825e-17 0.5 -2.50000000000001)
(-0.362914535011762 0.343721072179904 -2.00013925616169)
(-0.199254871487269 0.458432098840309 -2.00004133943436)
(3.12250225675825e-17 0.5 -1.99999999999992)
(-2 2 -2.50000000000003)
(-1.13401724966864 2 -2.50000000000003)
(-2 2 -2.00000000000003)
(-1.13401724966863 2 -2.00000000000003)
(-0.517283128667212 2 -2.50000000000003)
(-3.1641356201817e-14 2 -2.50000000000003)
(-0.517283128667212 2 -2.00000000000003)
(-3.1641356201817e-14 2 -2.00000000000003)
(-2 0.51728312866715 -1.50000000000003)
(-0.47077202796936 0.168444931507111 -1.50034776457374)
(-2 1.13401724966859 -1.50000000000003)
(-1.00000000000003 0.999999999999968 -1.50000000000003)
(-2 0.517283128667151 -1.00000000000003)
(-0.47077202796936 0.168444931507111 -0.999897731211302)
(-2 1.13401724966859 -1.00000000000003)
(-1.00000000000003 0.999999999999968 -1.00000000000003)
(-0.363143576186198 0.343480502991499 -1.50021133329418)
(-0.199277472352364 0.458422080590453 -1.50009905087226)
(3.29597460435593e-17 0.5 -1.49999999999977)
(-0.363056999246619 0.343571437488933 -1.00040613397988)
(-0.199273158511841 0.458423992779744 -1.00016854325144)
(3.12250225675825e-17 0.5 -0.999999999999678)
(-2 2 -1.50000000000003)
(-1.13401724966864 2 -1.50000000000003)
(-2 2 -1.00000000000003)
(-1.13401724966865 2 -1.00000000000003)
(-0.517283128667213 2 -1.50000000000003)
(-3.16968673530482e-14 2 -1.50000000000003)
(-0.517283128667217 2 -1.00000000000003)
(-3.15303338993544e-14 2 -1.00000000000003)
(-2 0.517283128667151 -0.500000000000032)
(-0.470648595930195 0.16876491658017 -0.499763765351599)
(-2 1.13401724966859 -0.500000000000032)
(-1.00000000000003 0.999999999999968 -0.500000000000032)
(-2 0.517283128667151 -3.28626015289046e-14)
(-0.470494226181592 0.169165104534765 -0.000149698666595394)
(-2 1.13401724966859 -3.28626015289046e-14)
(-1.00000000000003 0.999999999999968 -3.2e-14)
(-0.362762183151912 0.343881092156079 -0.500390156182239)
(-0.199250101791073 0.458434213096026 -0.500159701834411)
(3.12250225675825e-17 0.5 -0.499999999999768)
(-0.362515995139656 0.344139671210476 -0.000129130642952724)
(-0.199218565685044 0.45844819205605 -6.71739021154139e-05)
(3.12250225675825e-17 0.5 -8.88178419700125e-15)
(-2 2 -0.500000000000032)
(-1.13401724966865 2 -0.500000000000033)
(-2 2 -3.28626015289046e-14)
(-1.13401724966865 2 -3.24185123190546e-14)
(-0.517283128667217 2 -0.500000000000033)
(-3.15858450505857e-14 2 -0.500000000000032)
(-0.517283128667217 2 -3.28626015289046e-14)
(-3.24185123190546e-14 2 -3.28626015289046e-14)
(0.307530733580789 0.292567751967937 -7)
(0.776730977092624 0.286094051535367 -7)
(0.291698273690501 0.771045104119138 -7)
(0.950899250065083 0.947878426151225 -7)
(0.291353404691455 0.282554947843628 -6)
(0.40774047919212 0.155387579369194 -6)
(0.159786806973999 0.403341250621546 -6)
(0.999999999999968 0.999999999999968 -6.00000000000003)
(1.6708793667858 0.462205986300795 -7)
(2 1.05200320420874 -7)
(2 0.509106371497109 -6.12907465039833)
(2 1.11601463588248 -6.12114330981745)
(0.462388257028088 1.67059503350133 -7)
(1.05200320420873 2 -7)
(0.509106371497111 2 -6.12907465039833)
(1.11601463588247 2 -6.12114330981745)
(2 2 -7)
(2 2 -6.11791606607605)
(0.353553384542465 0.353553384542465 -5.49999473170399)
(0.458664990153531 0.198729475811617 -5.49987639371916)
(0.198729475811617 0.458664990153531 -5.49987639371899)
(0.999999999999968 0.999999999999968 -5.50000000000003)
(0.353553384542465 0.353553384542465 -4.99999999999996)
(0.458664990153522 0.198729475811637 -4.99999999999869)
(0.198729475811617 0.458664990153531 -4.99999999999995)
(0.999999999999968 0.999999999999968 -5.00000000000003)
(2 0.515769996818286 -5.51576999681835)
(2 1.13085031050852 -5.51291255113065)
(2 0.517283128667151 -5.00000000000003)
(2 1.13401724966859 -5.00000000000003)
(0.515769996818288 2 -5.51576999681835)
(1.13085031050852 2 -5.51291255113065)
(0.517283128667152 2 -5.00000000000003)
(1.13401724966859 2 -5.00000000000003)
(2 2 -5.51221546970041)
(2 2 -5.00000000000003)
(0.353553384542465 0.353553384542465 -4.49999999999979)
(0.458664990153522 0.198729475811637 -4.5)
(0.198729475811617 0.458664990153531 -4.49999999999981)
(0.999999999999968 0.999999999999968 -4.50000000000003)
(0.353553384542465 0.353553384542465 -3.99999999999968)
(0.458664990153522 0.198729475811637 -3.99999999999738)
(0.198729475811617 0.458664990153531 -3.99999999999972)
(0.999999999999968 0.999999999999968 -4.00000000000003)
(2 0.517283128667151 -4.50000000000003)
(2 1.13401724966859 -4.50000000000003)
(2 0.517283128667151 -4.00000000000003)
(2 1.13401724966859 -4.00000000000003)
(0.517283128667152 2 -4.50000000000003)
(1.13401724966859 2 -4.50000000000003)
(0.517283128667152 2 -4.00000000000003)
(1.13401724966859 2 -4.00000000000003)
(2 2 -4.50000000000003)
(2 2 -4.00000000000003)
(0.353553384542465 0.353553384542465 -3.49999999999977)
(0.458664990153535 0.198729475811608 -3.49999999999476)
(0.198729475811549 0.458664990153561 -3.49999999999476)
(0.999999999999968 0.999999999999968 -3.50000000000003)
(0.353553384542465 0.353553384542465 -3.00000000000001)
(0.458664990153535 0.198729475811608 -3)
(0.198729475811608 0.458664990153535 -3)
(0.999999999999968 0.999999999999968 -3.00000000000003)
(2 0.517283128667151 -3.50000000000003)
(2 1.13401724966859 -3.50000000000003)
(2 0.51728312866715 -3.00000000000003)
(2 1.13401724966859 -3.00000000000003)
(0.517283128667152 2 -3.50000000000003)
(1.13401724966859 2 -3.50000000000003)
(0.517283128667153 2 -3.00000000000003)
(1.13401724966859 2 -3.00000000000003)
(2 2 -3.50000000000003)
(2 2 -3.00000000000003)
(0.353553384542465 0.353553384542465 -2.50000000000004)
(0.458664990153531 0.198729475811617 -2.50000000000052)
(0.198729475811617 0.458664990153531 -2.50000000000002)
(0.999999999999968 0.999999999999968 -2.50000000000003)
(0.353553384542465 0.353553384542465 -1.99999999999996)
(0.458664990153522 0.198729475811637 -1.99999999999869)
(0.198729475811617 0.458664990153531 -1.99999999999995)
(0.999999999999968 0.999999999999968 -2.00000000000003)
(2 0.517283128667151 -2.50000000000003)
(2 1.13401724966859 -2.50000000000003)
(2 0.51728312866715 -2.00000000000003)
(2 1.13401724966859 -2.00000000000003)
(0.517283128667152 2 -2.50000000000003)
(1.13401724966859 2 -2.50000000000003)
(0.517283128667152 2 -2.00000000000003)
(1.13401724966859 2 -2.00000000000003)
(2 2 -2.50000000000003)
(2 2 -2.00000000000003)
(0.353553384542465 0.353553384542465 -1.49999999999979)
(0.458664990153522 0.198729475811637 -1.5)
(0.198729475811617 0.458664990153531 -1.49999999999981)
(0.999999999999968 0.999999999999968 -1.50000000000003)
(0.353553384542465 0.353553384542465 -0.999999999999683)
(0.458664990153522 0.198729475811637 -0.999999999997379)
(0.198729475811617 0.458664990153531 -0.99999999999972)
(0.999999999999968 0.999999999999968 -1.00000000000003)
(2 0.51728312866715 -1.50000000000003)
(2 1.13401724966859 -1.50000000000003)
(2 0.517283128667151 -1.00000000000003)
(2 1.13401724966859 -1.00000000000003)
(0.517283128667152 2 -1.50000000000003)
(1.13401724966859 2 -1.50000000000003)
(0.517283128667153 2 -1.00000000000003)
(1.13401724966859 2 -1.00000000000003)
(2 2 -1.50000000000003)
(2 2 -1.00000000000003)
(0.353553384542465 0.353553384542465 -0.49999999999977)
(0.458664990153535 0.198729475811608 -0.500000000002621)
(0.198729475811549 0.458664990153561 -0.499999999994757)
(0.999999999999968 0.999999999999968 -0.500000000000032)
(0.353553384542465 0.353553384542465 -8.43769498715119e-15)
(0.458664990153535 0.198729475811608 0)
(0.198729475811608 0.458664990153535 0)
(0.999999999999968 0.999999999999968 -3.2e-14)
(2 0.517283128667152 -0.500000000000032)
(2 1.13401724966859 -0.500000000000032)
(2 0.517283128667152 -3.28626015289046e-14)
(2 1.13401724966859 -3.28626015289046e-14)
(0.517283128667152 2 -0.500000000000032)
(1.13401724966859 2 -0.500000000000032)
(0.517283128667152 2 -3.28626015289046e-14)
(1.13401724966859 2 -3.28626015289046e-14)
(2 2 -0.500000000000032)
(2 2 -3.28626015289046e-14)
(-2 -2 0.499999999999969)
(-1.13401724966865 -2 0.499999999999968)
(-2 -1.13401724966865 0.499999999999968)
(-1.00000000000003 -1.00000000000003 0.499999999999968)
(-2 -2 0.999999999999967)
(-1.13401724966865 -2 0.999999999999967)
(-2 -1.13401724966865 0.999999999999967)
(-1.00000000000003 -1.00000000000003 0.999999999999968)
(-0.517283128667217 -2 0.499999999999967)
(-3.24185123190546e-14 -2 0.499999999999967)
(-0.170119049814363 -0.470126248356918 0.49957661826644)
(-9.19403442267708e-17 -0.5 0.499115953674842)
(-0.517283128667217 -2 0.999999999999967)
(-3.24185123190546e-14 -2 0.999999999999968)
(-0.16925058673058 -0.470461252013013 0.999548581035311)
(-9.36750677027476e-17 -0.5 0.999164275532228)
(-2 -0.517283128667217 0.499999999999967)
(-0.470006105568217 -0.170430507838391 0.499752534804705)
(-2 -3.24185123190546e-14 0.499999999999967)
(-0.5 6.24500451351651e-17 0.49911595367458)
(-2 -0.517283128667217 0.999999999999966)
(-0.47077202796936 -0.168444931507111 0.999837400884428)
(-2 -3.24185123190546e-14 0.999999999999968)
(-0.5 6.41847686111419e-17 0.999164275532558)
(-0.353553384542465 -0.353553384542465 0.500303886181457)
(-0.353553384542465 -0.353553384542465 1.00025552732969)
(-2 -2 1.49999999999997)
(-1.13401724966865 -2 1.49999999999997)
(-2 -1.13401724966865 1.49999999999997)
(-1.00000000000003 -1.00000000000003 1.49999999999997)
(-2 -2 1.99999999999997)
(-1.13401724966864 -2 1.99999999999997)
(-2 -1.13401724966864 1.99999999999997)
(-1.00000000000003 -1.00000000000003 1.99999999999997)
(-0.517283128667217 -2 1.49999999999997)
(-3.24185123190546e-14 -2 1.49999999999997)
(-0.168450870687705 -0.470769736971331 1.49978103049144)
(-9.36750677027476e-17 -0.5 1.49999999999993)
(-0.517283128667222 -2 1.99999999999997)
(-3.70814490224802e-14 -2 1.99999999999997)
(-0.168444931507111 -0.47077202796936 2.00016259911625)
(-9.36750677027476e-17 -0.5 2.00083572446756)
(-2 -0.517283128667217 1.49999999999997)
(-0.470769736971336 -0.168450870687692 1.50021896950741)
(-2 -3.24185123190546e-14 1.49999999999997)
(-0.5 6.59194920871187e-17 1.50000000000033)
(-2 -0.517283128667222 1.99999999999997)
(-0.470461252013 -0.169250586730616 2.00045141897428)
(-2 -3.70814490224802e-14 1.99999999999997)
(-0.5 6.59194920871187e-17 2.00083572446773)
(-0.353553384542465 -0.353553384542465 1.5000000000003)
(-0.353553384542465 -0.353553384542465 1.99974447267058)
(-2 -2 2.49999999999997)
(-1.13401724966864 -2 2.49999999999997)
(-2 -1.13401724966864 2.49999999999997)
(-1.00000000000003 -1.00000000000003 2.49999999999997)
(-2 -2 2.99999999999997)
(-1.13401724966864 -2 2.99999999999997)
(-2 -1.13401724966864 2.99999999999997)
(-1.00000000000003 -1.00000000000003 2.99999999999997)
(-0.517283128667217 -2 2.49999999999997)
(-3.70814490224802e-14 -2 2.49999999999997)
(-0.170430507838344 -0.470006105568235 2.50024746519602)
(-9.0205620750794e-17 -0.5 2.5008840463256)
(-0.517283128667217 -2 2.99999999999997)
(-3.70814490224802e-14 -2 2.99999999999997)
(-0.170815870418666 -0.4698574546057 2.99989406611342)
(-9.0205620750794e-17 -0.5 2.99999999999999)
(-2 -0.517283128667217 2.49999999999997)
(-0.470126248356935 -0.170119049814318 2.50042338174347)
(-2 -3.70814490224802e-14 2.49999999999997)
(-0.5 6.24500451351651e-17 2.50088404632527)
(-2 -0.517283128667217 2.99999999999997)
(-0.469857454605669 -0.170815870418748 3.00010593389054)
(-2 -3.70814490224802e-14 2.99999999999997)
(-0.5 5.89805981832114e-17 2.99999999999987)
(-0.353553384542465 -0.353553384542465 2.49969611381906)
(-0.353553384542465 -0.353553384542465 2.99999999999999)
(-2 -2 3.49999999999997)
(-1.13401724966864 -2 3.49999999999997)
(-2 -1.13401724966864 3.49999999999997)
(-1.00000000000003 -1.00000000000003 3.49999999999997)
(-2 -2 3.99999999999997)
(-1.13401724966864 -2 3.99999999999997)
(-2 -1.13401724966864 3.99999999999997)
(-1.00000000000003 -1.00000000000003 3.99999999999997)
(-0.517283128667217 -2 3.49999999999997)
(-3.70814490224802e-14 -2 3.49999999999997)
(-0.170119049814363 -0.470126248356918 3.49957661826644)
(-9.28077059647592e-17 -0.5 3.49911595367493)
(-0.517283128667213 -2 3.99999999999997)
(-3.70814490224802e-14 -2 3.99999999999997)
(-0.16925058673058 -0.470461252013013 3.99954858103531)
(-9.36750677027476e-17 -0.5 3.99916427553239)
(-2 -0.517283128667217 3.49999999999997)
(-0.470006105568214 -0.170430507838399 3.4997525348047)
(-2 -3.70814490224802e-14 3.49999999999997)
(-0.5 6.50521303491303e-17 3.49911595367458)
(-2 -0.517283128667213 3.99999999999997)
(-0.47077202796936 -0.168444931507111 3.99983740088443)
(-2 -3.70814490224802e-14 3.99999999999997)
(-0.5 6.41847686111419e-17 3.99916427553256)
(-0.353553384542465 -0.353553384542465 3.50030388618146)
(-0.353553384542465 -0.353553384542465 4.00025552732969)
(-2 -2 4.49999999999996)
(-1.13401724966864 -2 4.49999999999997)
(-2 -1.13401724966864 4.49999999999997)
(-1.00000000000003 -1.00000000000003 4.49999999999997)
(-2 -2 4.99999999999996)
(-1.13401724966864 -2 4.99999999999997)
(-2 -1.13401724966864 4.99999999999997)
(-1.00000000000003 -1.00000000000003 4.99999999999997)
(-0.517283128667213 -2 4.49999999999997)
(-2.77555756156289e-14 -2 4.49999999999997)
(-0.168450870687705 -0.470769736971331 4.49978103049144)
(-9.0205620750794e-17 -0.5 4.50000000000001)
(-0.517283128667213 -2 4.99999999999997)
(-2.77555756156289e-14 -2 4.99999999999997)
(-0.168444931507111 -0.47077202796936 5.00016259911625)
(-9.0205620750794e-17 -0.5 5.00083572446791)
(-2 -0.517283128667213 4.49999999999997)
(-0.470769736971336 -0.168450870687692 4.50021896951134)
(-2 -2.77555756156289e-14 4.49999999999997)
(-0.5 6.41847686111419e-17 4.50000000000033)
(-2 -0.517283128667213 4.99999999999997)
(-0.470461252013023 -0.169250586730556 5.00045141896642)
(-2 -2.77555756156289e-14 4.99999999999997)
(-0.5 6.24500451351651e-17 5.00083572446808)
(-0.353553384542465 -0.353553384542465 4.5000000000003)
(-0.353553384542465 -0.353553384542465 4.9997444726709)
(-2 -2 5.51221546970036)
(-1.13085031050857 -2 5.51291255113058)
(-2 -1.13085031050857 5.51291255113058)
(-1.00000000000003 -1.00000000000003 5.49999999999997)
(-2 -2 6.11791606607601)
(-1.11601463588252 -2 6.1211433098174)
(-2 -1.11601463588252 6.1211433098174)
(-1.00000000000003 -1.00000000000003 5.99999999999997)
(-0.515769996818349 -2 5.51576999681827)
(-3.70814490224802e-14 -2 5.51728312866716)
(-0.170546334955987 -0.469961426054954 5.49995758811206)
(0.0109296681771196 -0.499731690274166 5.60554421462776)
(-0.509106371497164 -2 6.12907465039829)
(-2.77555756156289e-14 -2 6.13128026477284)
(-0.169050361054454 -0.427619007361237 6)
(0.0207312015787417 -0.477905310103236 6.5)
(-2 -0.515769996818349 5.51576999681827)
(-0.470082967201118 -0.170231251831721 5.50005864768129)
(-2 -3.70814490224802e-14 5.51728312866716)
(-0.499729774020263 0.0110077272904781 5.60539421650877)
(-2 -0.509106371497164 6.12907465039829)
(-0.42764646347486 -0.168978187996676 6)
(-2 -2.77555756156289e-14 6.13128026477284)
(-0.477916066211491 0.0208394364079086 6.5)
(-0.353553384542465 -0.353553384542465 5.49839023817408)
(-0.350275930610582 -0.35020393982172 6)
(-2 -2 7)
(-1.05200068361598 -2 7)
(-2 -1.05200068361598 7)
(-1.00735418390665 -1.00735418390665 7)
(-0.465277443837645 -2 7)
(-2.77555756156289e-14 -2 7)
(-0.201145070531134 -0.402498090012341 6.5)
(0.00282336961737162 -0.897873002907675 7)
(-2 -0.465277443837645 7)
(-0.402498306696025 -0.201144766438078 6.5)
(-2 -2.77555756156289e-14 7)
(-0.897878955798165 0.0028942050865588 7)
(-0.301887490457363 -0.301887490414284 6.5)
(0.517283128667152 -2 0.499999999999967)
(1.13401724966859 -2 0.499999999999967)
(0.168764916580206 -0.470648595930181 0.499763765354295)
(0.999999999999968 -1.00000000000003 0.499999999999968)
(0.51728312866715 -2 0.999999999999967)
(1.13401724966859 -2 0.999999999999967)
(0.168444931507111 -0.47077202796936 0.999897731211103)
(0.999999999999968 -1.00000000000003 0.999999999999968)
(2 -2 0.499999999999967)
(2 -1.13401724966865 0.499999999999968)
(2 -2 0.999999999999967)
(2 -1.13401724966865 0.999999999999967)
(0.343881092156228 -0.362762183151769 0.500390156181361)
(0.458434213096029 -0.199250101791066 0.500159701842279)
(0.5 -1.22464685258517e-16 0.499999999998034)
(0.343571437488992 -0.363056999246563 1.00040613398364)
(0.45842399277975 -0.199273158511828 1.00016854325679)
(0.5 -1.26634813746307e-16 0.999999999998034)
(2 -0.517283128667217 0.499999999999967)
(2 -3.24185123190546e-14 0.499999999999967)
(2 -0.517283128667217 0.999999999999967)
(2 -3.24185123190546e-14 0.999999999999968)
(0.51728312866715 -2 1.49999999999997)
(1.13401724966859 -2 1.49999999999997)
(0.168444931507111 -0.47077202796936 1.50034776457358)
(0.999999999999968 -1.00000000000003 1.49999999999997)
(0.517283128667148 -2 1.99999999999997)
(1.13401724966859 -2 1.99999999999997)
(0.168444931507111 -0.47077202796936 2.00063081300827)
(0.999999999999968 -1.00000000000003 1.99999999999997)
(2 -2 1.49999999999997)
(2 -1.13401724966865 1.49999999999997)
(2 -2 1.99999999999997)
(2 -1.13401724966864 1.99999999999997)
(0.343480502991472 -0.363143576186223 1.50021133329435)
(0.45842208059048 -0.199277472352303 1.50009905087464)
(0.5 -1.2490009027033e-16 1.49999999999607)
(0.343721072179893 -0.362914535011772 2.00013925616387)
(0.458432098840271 -0.199254871487356 2.00004133943871)
(0.5 -1.22464685258517e-16 2)
(2 -0.517283128667217 1.49999999999997)
(2 -3.24185123190546e-14 1.49999999999997)
(2 -0.517283128667222 1.99999999999997)
(2 -3.70814490224802e-14 1.99999999999997)
(0.517283128667143 -2 2.49999999999997)
(1.13401724966859 -2 2.49999999999997)
(0.168449910393269 -0.470770107398299 2.50056710476731)
(0.999999999999968 -1.00000000000003 2.49999999999997)
(0.517283128667152 -2 2.99999999999997)
(1.13401724966859 -2 2.99999999999997)
(0.169165104534702 -0.470494226181617 3.00014969867559)
(0.999999999999968 -1.00000000000003 2.99999999999997)
(2 -2 2.49999999999997)
(2 -1.13401724966864 2.49999999999997)
(2 -2 2.99999999999997)
(2 -1.13401724966864 2.99999999999997)
(0.343996838259835 -0.362651983571839 2.50007216330101)
(0.458450224790971 -0.199213979897269 2.50001833407595)
(0.5 -1.22464685258517e-16 2.5)
(0.344139671210556 -0.362515995139579 3.00012913064272)
(0.458448192056094 -0.199218565684945 3.00006717390251)
(0.5 -1.21430643318376e-16 2.99999999999214)
(2 -0.517283128667217 2.49999999999997)
(2 -3.70814490224802e-14 2.49999999999997)
(2 -0.517283128667217 2.99999999999997)
(2 -3.70814490224802e-14 2.99999999999997)
(0.517283128667152 -2 3.49999999999997)
(1.13401724966859 -2 3.49999999999997)
(0.168764916580199 -0.470648595930184 3.49976376535331)
(0.999999999999968 -1.00000000000003 3.49999999999997)
(0.517283128667152 -2 3.99999999999997)
(1.13401724966858 -2 3.99999999999997)
(0.168444931507111 -0.47077202796936 3.9998977312116)
(0.999999999999968 -1.00000000000003 3.99999999999997)
(2 -2 3.49999999999997)
(2 -1.13401724966864 3.49999999999997)
(2 -2 3.99999999999997)
(2 -1.13401724966864 3.99999999999997)
(0.343881092156205 -0.362762183151792 3.50039015618144)
(0.458434213096029 -0.199250101791066 3.5001597018422)
(0.5 -1.22298005056365e-16 3.49999999999902)
(0.343571437488992 -0.363056999246563 4.00040613398364)
(0.458423992779755 -0.199273158511815 4.00016854325675)
(0.5 -1.22464685258517e-16 4)
(2 -0.517283128667217 3.49999999999997)
(2 -3.70814490224802e-14 3.49999999999997)
(2 -0.517283128667213 3.99999999999997)
(2 -3.70814490224802e-14 3.99999999999997)
(0.517283128667148 -2 4.49999999999997)
(1.13401724966859 -2 4.49999999999997)
(0.168444931507111 -0.47077202796936 4.50034776457358)
(0.999999999999968 -1.00000000000003 4.49999999999997)
(0.517283128667148 -2 4.99999999999997)
(1.13401724966859 -2 4.99999999999997)
(0.168444931507111 -0.47077202796936 5.0006308130063)
(0.999999999999968 -1.00000000000003 4.99999999999997)
(2 -2 4.49999999999996)
(2 -1.13401724966864 4.49999999999997)
(2 -2 4.99999999999997)
(2 -1.13401724966864 4.99999999999997)
(0.343480502991472 -0.363143576186223 4.50021133329435)
(0.45842208059048 -0.199277472352305 4.50009905087465)
(0.5 -1.21430643318376e-16 4.49999999999607)
(0.3437210721798 -0.362914535011861 5.00013925615993)
(0.458432098840323 -0.199254871487238 5.00004133943871)
(0.5 -1.22464685258517e-16 5)
(2 -0.517283128667213 4.49999999999997)
(2 -2.77555756156289e-14 4.49999999999997)
(2 -0.517283128667213 4.99999999999997)
(2 -2.77555756156289e-14 4.99999999999997)
(0.515769996818284 -2 5.51576999681827)
(1.13085031050853 -2 5.51291255113058)
(0.168832560811276 -0.470622502633707 5.50074685907738)
(0.999999999999968 -1.00000000000003 5.49999999999997)
(0.509106371497118 -2 6.12907465039828)
(1.11601463588247 -2 6.1211433098174)
(0.192950121129875 -0.461226795596131 6)
(0.999999999999968 -1.00000000000003 5.99999999999997)
(2 -2 5.51221546970035)
(2 -1.13085031050856 5.51291255113058)
(2 -2 6.11791606607601)
(2 -1.11601463588252 6.12114330981743)
(0.344332365828597 -0.362332534398343 5.49945771124641)
(0.458536428047373 -0.199019507988832 5.4994648683738)
(0.5 -1.21430643318376e-16 5.49978864090286)
(0.348092072549838 -0.358752991861434 6.5)
(0.458664990153535 -0.198729475811608 5.9989847727379)
(0.5 -1.21430643318376e-16 5.99560165858959)
(2 -0.515769996818349 5.51576999681827)
(2 -3.70814490224802e-14 5.51728312866716)
(2 -0.509106371497164 6.12907465039829)
(2 -2.77555756156289e-14 6.13128026477284)
(0.465277443837589 -2 7)
(1.05200068361592 -2 7)
(0.252450405133409 -0.706724189037486 7)
(1.00735253865706 -1.00736136501037 7)
(2 -2 7)
(2 -1.05200320420878 7)
(0.35300442065858 -0.354234173530104 6.5)
(0.47170649183077 -0.166678029035311 6.5)
(0.927883404529654 -0.0113619921406976 7)
(2 -0.465275700045539 7)
(2 -2.75335310107039e-14 7)
(-2 0.51728312866715 0.499999999999967)
(-0.470770107398339 0.168449910393165 0.499432895238812)
(-2 1.13401724966859 0.499999999999967)
(-1.00000000000003 0.999999999999968 0.499999999999968)
(-2 0.51728312866715 0.999999999999967)
(-0.47077202796936 0.168444931507111 0.999369186993908)
(-2 1.13401724966859 0.999999999999967)
(-1.00000000000003 0.999999999999968 0.999999999999968)
(-0.362651983571883 0.343996838259788 0.499927836702738)
(-0.199213979897278 0.458450224790967 0.499981665928098)
(3.12250225675825e-17 0.5 0.499999999999994)
(-0.362914535011762 0.343721072179904 0.999860743838315)
(-0.199254871487269 0.458432098840309 0.999958660566626)
(3.12250225675825e-17 0.5 1.00000000000008)
(-2 2 0.499999999999967)
(-1.13401724966865 2 0.499999999999968)
(-2 2 0.999999999999967)
(-1.13401724966865 2 0.999999999999967)
(-0.517283128667217 2 0.499999999999967)
(-3.24185123190546e-14 2 0.499999999999967)
(-0.517283128667217 2 0.999999999999966)
(-3.24185123190546e-14 2 0.999999999999968)
(-2 0.51728312866715 1.49999999999997)
(-0.47077202796936 0.168444931507111 1.49965223542626)
(-2 1.13401724966859 1.49999999999997)
(-1.00000000000003 0.999999999999968 1.49999999999997)
(-2 0.517283128667143 1.99999999999997)
(-0.47077202796936 0.168444931507111 2.0001022687887)
(-2 1.13401724966859 1.99999999999997)
(-1.00000000000003 0.999999999999968 1.99999999999997)
(-0.363143576186198 0.343480502991499 1.49978866670582)
(-0.199277472352364 0.458422080590453 1.49990094912774)
(3.46944695195361e-17 0.5 1.50000000000023)
(-0.363056999246619 0.343571437488933 1.99959386602012)
(-0.199273158511841 0.458423992779744 1.99983145674856)
(3.12250225675825e-17 0.5 2.00000000000032)
(-2 2 1.49999999999997)
(-1.13401724966865 2 1.49999999999997)
(-2 2 1.99999999999997)
(-1.13401724966864 2 1.99999999999997)
(-0.517283128667217 2 1.49999999999997)
(-3.24185123190546e-14 2 1.49999999999997)
(-0.517283128667222 2 1.99999999999997)
(-3.70814490224802e-14 2 1.99999999999997)
(-2 0.517283128667143 2.49999999999997)
(-0.470648595930195 0.16876491658017 2.5002362346484)
(-2 1.13401724966859 2.49999999999997)
(-1.00000000000003 0.999999999999968 2.49999999999997)
(-2 0.517283128667152 2.99999999999997)
(-0.470494226181592 0.169165104534765 2.9998503013334)
(-2 1.13401724966859 2.99999999999997)
(-1.00000000000003 0.999999999999968 2.99999999999997)
(-0.362762183151912 0.343881092156079 2.49960984381776)
(-0.199250101791073 0.458434213096026 2.49984029816559)
(3.12250225675825e-17 0.5 2.50000000000023)
(-0.362515995139656 0.344139671210476 2.99987086935705)
(-0.199218565685044 0.45844819205605 2.99993282609788)
(3.12250225675825e-17 0.5 2.99999999999999)
(-2 2 2.49999999999997)
(-1.13401724966864 2 2.49999999999997)
(-2 2 2.99999999999997)
(-1.13401724966864 2 2.99999999999997)
(-0.517283128667217 2 2.49999999999997)
(-3.70814490224802e-14 2 2.49999999999997)
(-0.517283128667217 2 2.99999999999997)
(-3.70814490224802e-14 2 2.99999999999997)
(-2 0.517283128667143 3.49999999999997)
(-0.470770107398339 0.168449910393165 3.49943289523881)
(-2 1.13401724966859 3.49999999999997)
(-1.00000000000003 0.999999999999968 3.49999999999997)
(-2 0.517283128667152 3.99999999999997)
(-0.47077202796936 0.168444931507111 3.99936918699391)
(-2 1.13401724966858 3.99999999999997)
(-1.00000000000003 0.999999999999968 3.99999999999997)
(-0.362651983571883 0.343996838259788 3.49992783670274)
(-0.199213979897281 0.458450224790966 3.4999816659281)
(3.12250225675825e-17 0.5 3.49999999999999)
(-0.362914535011762 0.343721072179904 3.99986074383831)
(-0.199254871487269 0.458432098840309 3.99995866056663)
(3.12250225675825e-17 0.5 4.00000000000008)
(-2 2 3.49999999999997)
(-1.13401724966864 2 3.49999999999997)
(-2 2 3.99999999999997)
(-1.13401724966864 2 3.99999999999997)
(-0.517283128667217 2 3.49999999999997)
(-3.70814490224802e-14 2 3.49999999999997)
(-0.517283128667213 2 3.99999999999997)
(-3.70814490224802e-14 2 3.99999999999997)
(-2 0.517283128667148 4.49999999999997)
(-0.47077202796936 0.168444931507111 4.49965223542626)
(-2 1.13401724966859 4.49999999999997)
(-1.00000000000003 0.999999999999968 4.49999999999997)
(-2 0.517283128667148 4.99999999999997)
(-0.47077202796936 0.168444931507111 5.0001022687887)
(-2 1.13401724966859 4.99999999999997)
(-1.00000000000003 0.999999999999968 4.99999999999997)
(-0.363143576186198 0.343480502991499 4.49978866670582)
(-0.199277472352364 0.458422080590453 4.49990094912774)
(3.29597460435593e-17 0.5 4.50000000000023)
(-0.363056999246619 0.343571437488933 4.99959386601619)
(-0.199273158511811 0.458423992779757 4.99983145674463)
(3.12250225675825e-17 0.5 5.00000000000032)
(-2 2 4.49999999999998)
(-1.13401724966864 2 4.49999999999997)
(-2 2 4.99999999999997)
(-1.13401724966864 2 4.99999999999997)
(-0.517283128667213 2 4.49999999999997)
(-2.77555756156289e-14 2 4.49999999999997)
(-0.517283128667213 2 4.99999999999997)
(-2.77555756156289e-14 2 4.99999999999997)
(-2 0.515769996818284 5.51576999681827)
(-0.470498354456544 0.169154402399639 5.50049774944579)
(-2 1.13085031050853 5.51291255113058)
(-1.00000000000003 0.999999999999968 5.49999999999997)
(-2 0.509106371497118 6.12907465039828)
(-0.461181483080791 0.193052344777822 6)
(-2 1.11601463588247 6.1211433098174)
(-1.00000000000003 0.999999999999968 5.99999999999997)
(-0.362448999964155 0.344210038361872 5.49903798530136)
(-0.199056039187234 0.458520234920623 5.49928946663433)
(3.12250225675825e-17 0.5 5.49978864091191)
(-0.358733561131695 0.348112481259734 6.5)
(-0.198729475811666 0.458664990153509 5.99891753681125)
(3.12250225675825e-17 0.5 5.99560165859291)
(-2 2 5.51221546970035)
(-1.13085031050857 2 5.51291255113058)
(-2 2 6.11791606607601)
(-1.11601463588252 2 6.12114330981743)
(-0.515769996818349 2 5.51576999681827)
(-2.77555756156289e-14 2 5.51728312866716)
(-0.509106371497164 2 6.12907465039829)
(-2.77555756156289e-14 2 6.13128026477284)
(-2 0.465277443837589 7)
(-0.7068794413672 0.252856715472588 7)
(-2 1.05200068361592 7)
(-1.00736136501037 1.00735253865705 7)
(-0.354228319165689 0.353010569832878 6.5)
(-0.166678008985222 0.471706498409402 6.5)
(-0.0113623529914246 0.927883359338136 7)
(-2 2 7)
(-1.05200320420878 2 7)
(-0.465275700045539 2 7)
(-2.75335310107039e-14 2 7)
(0.353553384542465 0.353553384542465 0.49999999999996)
(0.458664990153531 0.198729475811617 0.499999999999899)
(0.198729475811617 0.458664990153531 0.499999999999976)
(0.999999999999968 0.999999999999968 0.499999999999968)
(0.353553384542465 0.353553384542465 1.00000000000004)
(0.458664990153522 0.198729475811637 1.00000000000131)
(0.198729475811617 0.458664990153531 1.00000000000005)
(0.999999999999968 0.999999999999968 0.999999999999968)
(2 0.517283128667152 0.499999999999967)
(2 1.13401724966859 0.499999999999967)
(2 0.51728312866715 0.999999999999967)
(2 1.13401724966859 0.999999999999967)
(0.517283128667152 2 0.499999999999967)
(1.13401724966859 2 0.499999999999967)
(0.517283128667152 2 0.999999999999967)
(1.13401724966859 2 0.999999999999967)
(2 2 0.499999999999967)
(2 2 0.999999999999967)
(0.353553384542465 0.353553384542465 1.50000000000021)
(0.458664990153522 0.198729475811637 1.5)
(0.198729475811617 0.458664990153531 1.50000000000019)
(0.999999999999968 0.999999999999968 1.49999999999997)
(0.353553384542465 0.353553384542465 2.00000000000032)
(0.458664990153522 0.198729475811637 2.00000000000262)
(0.198729475811617 0.458664990153531 2.00000000000028)
(0.999999999999968 0.999999999999968 1.99999999999997)
(2 0.51728312866715 1.49999999999997)
(2 1.13401724966859 1.49999999999997)
(2 0.517283128667148 1.99999999999997)
(2 1.13401724966859 1.99999999999997)
(0.517283128667153 2 1.49999999999997)
(1.13401724966859 2 1.49999999999997)
(0.517283128667152 2 1.99999999999997)
(1.13401724966859 2 1.99999999999997)
(2 2 1.49999999999997)
(2 2 1.99999999999997)
(0.353553384542465 0.353553384542465 2.50000000000023)
(0.458664990153535 0.198729475811608 2.49999999999738)
(0.198729475811549 0.458664990153561 2.50000000000524)
(0.999999999999968 0.999999999999968 2.49999999999997)
(0.353553384542465 0.353553384542465 2.99999999999999)
(0.458664990153535 0.198729475811608 3)
(0.198729475811608 0.458664990153535 3)
(0.999999999999968 0.999999999999968 2.99999999999997)
(2 0.517283128667143 2.49999999999997)
(2 1.13401724966859 2.49999999999997)
(2 0.517283128667152 2.99999999999997)
(2 1.13401724966859 2.99999999999997)
(0.517283128667152 2 2.49999999999997)
(1.13401724966859 2 2.49999999999997)
(0.517283128667152 2 2.99999999999997)
(1.13401724966859 2 2.99999999999997)
(2 2 2.49999999999997)
(2 2 2.99999999999997)
(0.353553384542465 0.353553384542465 3.49999999999996)
(0.458664990153531 0.198729475811617 3.49999999999982)
(0.198729475811617 0.458664990153531 3.49999999999997)
(0.999999999999968 0.999999999999968 3.49999999999997)
(0.353553384542465 0.353553384542465 4.00000000000004)
(0.458664990153528 0.198729475811622 4.00000000000131)
(0.198729475811617 0.458664990153531 4.00000000000005)
(0.999999999999968 0.999999999999968 3.99999999999997)
(2 0.517283128667152 3.49999999999997)
(2 1.13401724966859 3.49999999999997)
(2 0.517283128667152 3.99999999999997)
(2 1.13401724966858 3.99999999999997)
(0.517283128667152 2 3.49999999999997)
(1.13401724966858 2 3.49999999999997)
(0.517283128667152 2 3.99999999999997)
(1.13401724966858 2 3.99999999999997)
(2 2 3.49999999999997)
(2 2 3.99999999999997)
(0.353553384542465 0.353553384542465 4.50000000000021)
(0.458664990153522 0.198729475811637 4.5)
(0.198729475811617 0.458664990153531 4.50000000000019)
(0.999999999999968 0.999999999999968 4.49999999999997)
(0.353553384542465 0.353553384542465 5.00000000000032)
(0.458664990153509 0.198729475811666 5.00000000000262)
(0.198729475811617 0.458664990153531 5.00000000000028)
(0.999999999999968 0.999999999999968 4.99999999999997)
(2 0.517283128667148 4.49999999999997)
(2 1.13401724966859 4.49999999999997)
(2 0.517283128667148 4.99999999999997)
(2 1.13401724966859 4.99999999999997)
(0.517283128667148 2 4.49999999999997)
(1.13401724966858 2 4.49999999999997)
(0.517283128667148 2 4.99999999999997)
(1.13401724966859 2 4.99999999999997)
(2 2 4.49999999999996)
(2 2 4.99999999999997)
(0.353553384542465 0.353553384542465 5.4999947317042)
(0.458664990153535 0.198729475811608 5.49987639371656)
(0.198729475811608 0.458664990153535 5.49987639372443)
(0.999999999999968 0.999999999999968 5.49999999999997)
(0.29103017910366 0.282853256030354 6)
(0.407578866251541 0.155536732643395 6)
(0.159625194999176 0.403490404861574 6)
(0.999999999999968 0.999999999999968 5.99999999999997)
(2 0.515769996818284 5.51576999681827)
(2 1.13085031050853 5.51291255113058)
(2 0.509106371497118 6.12907465039828)
(2 1.11601463588247 6.1211433098174)
(0.515769996818284 2 5.51576999681827)
(1.13085031050853 2 5.51291255113058)
(0.509106371497118 2 6.12907465039828)
(1.11601463588247 2 6.1211433098174)
(2 2 5.51221546970035)
(2 2 6.11791606607601)
(0.306983210593405 0.293080769013203 7)
(0.776523395517115 0.286290404363417 7)
(0.291494513553271 0.771244596331446 7)
(0.95079356966578 0.947997427248859 7)
(1.67086891940969 0.462215819464364 7)
(2 1.05200320420873 7)
(0.462382585484063 1.67060878992945 7)
(1.05200320420873 2 7)
(2 2 7)
)


// ************************************************************************* //
